   1                    -0.020754448311                    -0.954951078634
   2                     0.102917200121                    -0.949615901104
   3                    -0.186840995851                    -0.936724480292
   4                     0.266817041543                    -0.917153736323
   5                    -0.100250616503                    -0.913515427909
   6                    -0.280135094526                    -0.913173936621
   7                     0.178549610367                    -0.901488025309
   8                     0.038286273824                    -0.887491853632
   9                     0.357736375987                    -0.885656251039
  10                    -0.364511615510                    -0.882889342935
  11                    -0.214973860727                    -0.851606351660
  12                     0.439191330492                    -0.848217710809
  13                    -0.041209894367                    -0.846056202907
  14                     0.113918684070                    -0.839363977838
  15                    -0.462880773471                    -0.835526001546
  16                     0.287515061614                    -0.829929050177
  17                    -0.126142438163                    -0.815505371999
  18                    -0.294470028919                    -0.810170700935
  19                     0.199614862731                    -0.804424349740
  20                     0.034422515879                    -0.797928327113
  21                    -0.382847415932                    -0.795137691492
  22                     0.533116124500                    -0.792558835360
  23                    -0.539172920489                    -0.788450931587
  24                     0.363147471861                    -0.781801174383
  25                    -0.200202230750                    -0.763184901457
  26                     0.449901886448                    -0.759213003634
  27                    -0.045073652313                    -0.756492676388
  28                     0.110054926125                    -0.749800451318
  29                     0.265183504562                    -0.743108226248
  30                     0.605070753427                    -0.739088420324
  31                    -0.610908162897                    -0.733451229650
  32                    -0.442739633169                    -0.728433297165
  33                    -0.279698398942                    -0.721749250732
  34                    -0.124569820504                    -0.715057025663
  35                     0.030558757933                    -0.708364800593
  36                     0.185687336371                    -0.701672575523
  37                    -0.527607177768                    -0.699553307865
  38                     0.340815914809                    -0.694980350454
  39                     0.503827047749                    -0.687598543595
  40                    -0.361924757609                    -0.685176313977
  41                     0.673687022616                    -0.675547760921
  42                    -0.204065988696                    -0.673621374937
  43                    -0.681784891699                    -0.668978079731
  44                    -0.048937410258                    -0.666929149868
  45                     0.106191168179                    -0.660236924798
  46                     0.261319746617                    -0.653544699728
  47                     0.585892165380                    -0.651517102710
  48                     0.419247207031                    -0.650991520220
  49                    -0.596306343353                    -0.641960091633
  50                    -0.438690735325                    -0.638877949282
  51                    -0.283562156888                    -0.632185724212
  52                    -0.128433578450                    -0.625493499143
  53                     0.026694999988                    -0.618801274073
  54                     0.181823578425                    -0.612109049003
  55                     0.736863959502                    -0.607777767688
  56                     0.336952156863                    -0.605416823934
  57                     0.492080735301                    -0.598724598864
  58                    -0.518264518872                    -0.597445676140
  59                    -0.363058325079                    -0.590750073487
  60                     0.649376205239                    -0.588221521574
  61                    -0.207929746641                    -0.584057848417
  62                    -0.685348411672                    -0.579402105086
  63                    -0.052801168204                    -0.577365623348
  64                     0.102327410234                    -0.570673398278
  65                     0.257455988671                    -0.563981173208
  66                    -0.773083145437                    -0.560985525616
  67                     0.412584567109                    -0.557288948139
  68                    -0.599869863327                    -0.552384116988
  69                     0.567790689986                    -0.550593408082
  70                    -0.442554493270                    -0.549314422762
  71                    -0.287425914833                    -0.542622197693
  72                    -0.132297336395                    -0.535929972623
  73                     0.022831242042                    -0.529237747553
  74                     0.177959820480                    -0.522545522483
  75                     0.732700006997                    -0.518227695619
  76                     0.333088398918                    -0.515853297414
  77                     0.488216977355                    -0.509161072344
  78                    -0.522050661462                    -0.507878772037
  79                    -0.366922083024                    -0.501186546967
  80                     0.645212252734                    -0.498671449504
  81                    -0.211793504587                    -0.494494321898
  82                    -0.713266552883                    -0.494213307116
  83                     0.818522764731                    -0.492323870360
  84                    -0.056664926149                    -0.487802096828
  85                    -0.822270836783                    -0.486038044483
  86                     0.098463652288                    -0.481109871758
  87                     0.253592230726                    -0.474417646689
  88                     0.408720809164                    -0.467725421619
  89                    -0.620753553979                    -0.465203698471
  90                     0.563849387601                    -0.461033196549
  91                    -0.446418251216                    -0.459750896242
  92                    -0.291289672778                    -0.453058671173
  93                    -0.136161094341                    -0.446366446103
  94                     0.018967484097                    -0.439674221033
  95                     0.174096062534                    -0.432981995964
  96                     0.753178015135                    -0.430951094569
  97                     0.329224640972                    -0.426289770894
  98                     0.484353219410                    -0.419597545824
  99                    -0.525914419407                    -0.418315245517
 100                     0.861073279318                    -0.413418815917
 101                    -0.370785840970                    -0.411623020448
 102                     0.658510427310                    -0.410016430125
 103                    -0.689572988342                    -0.407754247976
 104                    -0.779219138055                    -0.407405321367
 105                    -0.215657262532                    -0.404930795378
 106                    -0.060528684095                    -0.398238570308
 107                    -0.868359281216                    -0.397887507263
 108                     0.094599894343                    -0.391546345239
 109                     0.249728472780                    -0.384854120169
 110                     0.404857051218                    -0.378161895099
 111                    -0.605410587599                    -0.376879594792
 112                     0.559985629656                    -0.371469670029
 113                    -0.450282009161                    -0.370187369722
 114                    -0.295153430724                    -0.363495144653
 115                    -0.140024852286                    -0.356802919583
 116                     0.015103726152                    -0.350110694513
 117                     0.722126670151                    -0.346853723130
 118                     0.170232304589                    -0.343418469444
 119                     0.811409718842                    -0.338785816051
 120                     0.325360883026                    -0.336726244374
 121                     0.480489461464                    -0.330034019304
 122                    -0.529778177352                    -0.328751718997
 123                    -0.723050575163                    -0.324592928309
 124                    -0.812696724876                    -0.324244001700
 125                     0.635618039901                    -0.323341794234
 126                    -0.374649598915                    -0.322059493928
 127                     0.899399021370                    -0.321626662557
 128                    -0.219521020478                    -0.315367268858
 129                    -0.901836868037                    -0.314726187596
 130                    -0.064392442040                    -0.308675043788
 131                     0.090736136398                    -0.301982818719
 132                     0.245864714835                    -0.295290593649
 133                     0.400993293273                    -0.288598368579
 134                    -0.614891748281                    -0.287382276357
 135                     0.556121871710                    -0.281906143509
 136                    -0.454145767106                    -0.280623843203
 137                    -0.299017188669                    -0.273931618133
 138                    -0.143888610231                    -0.267239393063
 139                     0.748318074863                    -0.261118291555
 140                     0.011239968206                    -0.260547167994
 141                     0.166368546644                    -0.253854942924
 142                     0.837601123554                    -0.253050384476
 143                     0.321497125081                    -0.247162717854
 144                    -0.850495860977                    -0.241237039402
 145                    -0.691923940134                    -0.240523394589
 146                     0.476625703518                    -0.240470492784
 147                    -0.533641935298                    -0.239188192477
 148                     0.925590426082                    -0.235891230981
 149                     0.636575412639                    -0.233439946503
 150                    -0.378513356860                    -0.232495967408
 151                    -0.223384778423                    -0.225803742338
 152                    -0.068256199985                    -0.219111517268
 153                     0.086872378452                    -0.212419292199
 154                     0.242000956890                    -0.205727067129
 155                    -0.932775954372                    -0.205648556167
 156                    -0.771398174701                    -0.199045690360
 157                     0.397129535327                    -0.199034842059
 158                    -0.613138103490                    -0.197752541752
 159                     0.552258113765                    -0.192342616990
 160                    -0.458009525052                    -0.191060316683
 161                    -0.302880946614                    -0.184368091613
 162                     0.710067059199                    -0.180041699934
 163                    -0.147752368177                    -0.177675866543
 164                     0.007376210261                    -0.170983641474
 165                     0.868111315380                    -0.167096567373
 166                     0.162504788698                    -0.164291416404
 167                     0.317633367136                    -0.157599191334
 168                    -0.854404029798                    -0.151675439793
 169                     0.472761945573                    -0.150906966264
 170                    -0.696047153723                    -0.150478442696
 171                    -0.537505693244                    -0.149624665957
 172                     0.627890524011                    -0.144214741195
 173                    -0.382377114806                    -0.142932440888
 174                    -0.227248536368                    -0.136240215818
 175                     0.785673995684                    -0.131873815784
 176                    -0.072119957931                    -0.129547990749
 177                     0.947020862872                    -0.124554385687
 178                     0.083008620507                    -0.122855765679
 179                    -0.947947379179                    -0.117294825191
 180                     0.238137198944                    -0.116163540609
 181                     0.393265777382                    -0.109471315539
 182                    -0.775543321915                    -0.109042791972
 183                    -0.617001861435                    -0.108189015232
 184                     0.548394355819                    -0.102779090470
 185                    -0.461873282998                    -0.101496790163
 186                    -0.306744704560                    -0.094804565093
 187                     0.706420332886                    -0.089976192448
 188                    -0.151616126122                    -0.088112340024
 189                     0.003512452315                    -0.081420114954
 190                     0.864291969260                    -0.077531135965
 191                     0.158641030753                    -0.074727889884
 192                     0.313769609190                    -0.068035664815
 193                    -0.875467686221                    -0.064538327801
 194                     0.468898187628                    -0.061343439745
 195                    -0.699910911669                    -0.060914916176
 196                    -0.541369451189                    -0.060061139438
 197                     0.624026766065                    -0.054651214675
 198                    -0.386240872752                    -0.053368914368
 199                    -0.231112294314                    -0.046676689299
 200                     0.782052743132                    -0.041848316654
 201                    -0.075983715876                    -0.039984464229
 202                     0.954526948684                    -0.035222350089
 203                     0.079144862561                    -0.033292239159
 204                     0.234273440999                    -0.026600014090
 205                    -0.954871176639                    -0.022874179186
 206                     0.389402019436                    -0.019907789020
 207                    -0.781566932253                    -0.019598563388
 208                    -0.620865619381                    -0.018625488713
 209                     0.544530597874                    -0.013215563950
 210                    -0.465737040943                    -0.011933263643
 211                    -0.310608462505                    -0.005241038574
 212                     0.702556574941                    -0.000412665928
 213                    -0.155479884068                     0.001451186496
 214                    -0.000351305630                     0.008143411566
 215                     0.877773170535                     0.011096236332
 216                     0.154777272807                     0.014835636636
 217                     0.309905851245                     0.021527861705
 218                    -0.860026406110                     0.023768641214
 219                     0.465034429682                     0.028220086775
 220                    -0.703774669615                     0.028648610343
 221                    -0.545233209135                     0.029502387082
 222                     0.620163008120                     0.034912311845
 223                    -0.390104630697                     0.036194612152
 224                    -0.234976052259                     0.042886837221
 225                     0.780351087207                     0.047782360436
 226                    -0.079847473822                     0.049579062291
 227                     0.075281104616                     0.056271287361
 228                     0.953280112879                     0.059659185698
 229                     0.230409683053                     0.062963512430
 230                    -0.942641528296                     0.066053171136
 231                     0.385538261491                     0.069655737500
 232                    -0.783270837806                     0.070084261068
 233                    -0.624729377327                     0.070938037807
 234                     0.540666839929                     0.076347962570
 235                    -0.469600798889                     0.077630262877
 236                    -0.314472220451                     0.084322487946
 237                     0.698692816996                     0.089150860592
 238                    -0.159343642013                     0.091014713016
 239                    -0.004215063576                     0.097706938086
 240                     0.854784310278                     0.097745334494
 241                     0.150913514862                     0.104399163155
 242                     0.306042093299                     0.111091388225
 243                    -0.863890164056                     0.113332167734
 244                     0.461170671737                     0.117783613295
 245                    -0.707638427561                     0.118212136863
 246                    -0.549096967081                     0.119065913602
 247                     0.616299250175                     0.124475838365
 248                    -0.393968388643                     0.125758138672
 249                    -0.238839810205                     0.132450363741
 250                     0.774325227242                     0.137278736387
 251                    -0.083711231767                     0.139142588811
 252                     0.071417346670                     0.145834813881
 253                     0.932360592716                     0.146895739146
 254                     0.226545925108                     0.152527038950
 255                    -0.942186664131                     0.156992355367
 256                     0.381674503546                     0.159219264020
 257                    -0.787134595752                     0.159647787588
 258                    -0.628593135272                     0.160501564327
 259                     0.536803081984                     0.165911489090
 260                    -0.473464556835                     0.167193789397
 261                    -0.318335978397                     0.173886014466
 262                     0.694829059051                     0.178714387112
 263                    -0.163207399959                     0.180578239536
 264                    -0.008078821521                     0.187270464606
 265                     0.850920552332                     0.187308861013
 266                     0.147049756916                     0.193962689675
 267                     0.302178335354                     0.200654914744
 268                     0.457306913792                     0.207347139815
 269                    -0.711502185506                     0.207775663383
 270                    -0.552960725026                     0.208629440122
 271                     0.612435492230                     0.214039364885
 272                    -0.873882676634                     0.215053695346
 273                    -0.397832146589                     0.215321665192
 274                    -0.242703568150                     0.222013890261
 275                     0.770461469297                     0.226842262906
 276                    -0.087574989713                     0.228706115331
 277                     0.067553588725                     0.235398340400
 278                     0.925166175558                     0.237549694405
 279                     0.222682167162                     0.242090565470
 280                     0.377810745601                     0.248782790540
 281                    -0.790998353698                     0.249211314108
 282                    -0.632456893218                     0.250065090847
 283                     0.532939324038                     0.255475015610
 284                    -0.477328314780                     0.256757315917
 285                    -0.322199736342                     0.263449540986
 286                     0.690965301105                     0.268277913632
 287                    -0.167071157904                     0.270141766056
 288                    -0.011942579467                     0.276833991125
 289                     0.143185998971                     0.283526216195
 290                     0.852115739263                     0.289513024410
 291                     0.298314577409                     0.290218441264
 292                     0.453443155847                     0.296910666335
 293                    -0.715365943452                     0.297339189903
 294                    -0.907441226799                     0.298182376431
 295                    -0.556824482972                     0.298192966642
 296                     0.608571734284                     0.303602891404
 297                    -0.401695904534                     0.304885191711
 298                    -0.246567326096                     0.311577416781
 299                     0.766597711352                     0.316405789426
 300                    -0.091438747658                     0.318269641850
 301                     0.063689830779                     0.324961866920
 302                     0.218818409217                     0.331654091990
 303                     0.373946987655                     0.338346317060
 304                    -0.796984816121                     0.338658036663
 305                    -0.636320651164                     0.339628617367
 306                     0.529075566093                     0.345038542130
 307                    -0.481192072726                     0.346320842437
 308                    -0.326063494288                     0.353013067505
 309                     0.687101543160                     0.357841440152
 310                    -0.170934915850                     0.359705292576
 311                    -0.015806337412                     0.366397517645
 312                     0.139322241025                     0.373089742715
 313                     0.878390617342                     0.375222911180
 314                     0.294450819463                     0.379781967784
 315                    -0.875489943793                     0.381941969448
 316                     0.449579397902                     0.386474192855
 317                    -0.719229701397                     0.386902716423
 318                    -0.560688240918                     0.387756493162
 319                     0.604707976339                     0.393166417924
 320                    -0.405559662480                     0.394448718231
 321                    -0.250431084041                     0.401140943301
 322                     0.764858830746                     0.406035752064
 323                    -0.095302505604                     0.407833168370
 324                     0.059826072834                     0.414525393440
 325                     0.214954651271                     0.421217618510
 326                     0.370083229710                     0.427909843580
 327                    -0.798752394589                     0.428287437947
 328                    -0.640184409109                     0.429192143887
 329                     0.525211808148                     0.434602068649
 330                    -0.485055830672                     0.435884368956
 331                    -0.329927252233                     0.442576594025
 332                     0.683237785215                     0.447404966671
 333                    -0.174798673795                     0.449268819095
 334                     0.839344709339                     0.455919695356
 335                    -0.019670095358                     0.455961044165
 336                     0.135458483080                     0.462653269235
 337                     0.290587061518                     0.469345494304
 338                     0.445715639956                     0.476037719375
 339                    -0.723093459343                     0.476466242943
 340                    -0.564551998863                     0.477320019681
 341                     0.600844218394                     0.482729944444
 342                    -0.409423420426                     0.484012244751
 343                    -0.254294841987                     0.490704469821
 344                     0.758901007911                     0.495484386795
 345                    -0.099166263549                     0.497396694890
 346                     0.055962314888                     0.504088919960
 347                     0.211090893326                     0.510781145030
 348                     0.366219471765                     0.517473370100
 349                    -0.802616152535                     0.517850964467
 350                    -0.644048167055                     0.518755670406
 351                     0.521348050203                     0.524165595169
 352                    -0.488919588617                     0.525447895476
 353                    -0.333791010179                     0.532140120544
 354                     0.679374027270                     0.536968493191
 355                    -0.178662431741                     0.538832345615
 356                    -0.023533853303                     0.545524570685
 357                     0.131594725134                     0.552216795755
 358                     0.286723303573                     0.558909020823
 359                     0.441851882011                     0.565601245895
 360                    -0.568415756809                     0.566883546201
 361                     0.596980460449                     0.572293470964
 362                    -0.414169908190                     0.574935663502
 363                    -0.258158599933                     0.580267996340
 364                     0.755037249966                     0.585047913314
 365                    -0.103030021495                     0.586960221410
 366                    -0.750532555451                     0.590815701312
 367                     0.052098556943                     0.593652446480
 368                     0.207227135381                     0.600344671550
 369                    -0.662273809030                     0.606530267430
 370                     0.363118026661                     0.608467712158
 371                     0.517484292257                     0.613729121689
 372                    -0.492837525169                     0.617923568161
 373                    -0.337688241911                     0.621702196743
 374                    -0.182526189686                     0.628395872135
 375                    -0.027397611249                     0.635088097205
 376                     0.127730967189                     0.641780322275
 377                     0.282893017865                     0.648473985064
 378                     0.696863470111                     0.653256162416
 379                    -0.573866107257                     0.656364536295
 380                     0.437791341756                     0.658070634662
 381                     0.607579291155                     0.661311551688
 382                    -0.262022357877                     0.669831522860
 383                    -0.423520638583                     0.674791180312
 384                    -0.106893779440                     0.676523747930
 385                     0.048234798998                     0.683215972999
 386                     0.203363377435                     0.689908198069
 387                    -0.654359956320                     0.695827103004
 388                     0.515208340328                     0.703347054889
 389                     0.363834643550                     0.708757519897
 390                    -0.341518532752                     0.711267160764
 391                    -0.505750156466                     0.714646361557
 392                    -0.186389947631                     0.717959398655
 393                    -0.031261369194                     0.724651623725
 394                     0.123867209244                     0.731343848794
 395                     0.278995795442                     0.738036061667
 396                     0.592004645784                     0.749595096756
 397                    -0.586244005529                     0.754108928266
 398                     0.442326254077                     0.755546244651
 399                    -0.266388625063                     0.760193991692
 400                    -0.431047993719                     0.764205828756
 401                    -0.110757537385                     0.766087274450
 402                     0.044371041052                     0.772779499519
 403                     0.199953085910                     0.780353585917
 404                     0.363633589489                     0.798488280561
 405                    -0.349117250484                     0.800591364634
 406                     0.519122559533                     0.801794286518
 407                    -0.510556948377                     0.807238375273
 408                    -0.190253705577                     0.807522925175
 409                    -0.035125127139                     0.814215150245
 410                     0.120003451298                     0.820907375314
 411                     0.278873731568                     0.827682807333
 412                     0.439780502053                     0.847876938042
 413                    -0.428221945681                     0.853808101945
 414                    -0.116192668311                     0.858214089175
 415                    -0.261004325161                     0.862576569347
 416                     0.041847130235                     0.865021813234
 417                     0.185750030167                     0.881849489448
 418                     0.353101542552                     0.887514287410
 419                    -0.346291202445                     0.890193637822
 420                    -0.038988885090                     0.903778676764
 421                     0.268341684632                     0.916708814182
 422                    -0.205336238678                     0.932844755999
 423                     0.124237303344                     0.947062512280
 424                    -0.116977433056                     0.947986597935
 425                     0.034902759616                     0.954538688100
