   1                     0.026841098035                    -0.956032562004
   2                    -0.060533239262                    -0.954502223059
   3                     0.113792887089                    -0.949626213691
   4                    -0.168476869962                    -0.941463919207
   5                     0.220521604200                    -0.930649767078
   6                    -0.330245890646                    -0.897594796438
   7                    -0.243093393331                    -0.896415922899
   8                     0.291963119745                    -0.880719241469
   9                    -0.106335326358                    -0.880346196005
  10                     0.379083790319                    -0.878085557789
  11                    -0.019043286555                    -0.877850208375
  12                     0.068083108837                    -0.875413251864
  13                     0.155208308195                    -0.872933903609
  14                    -0.405103403856                    -0.852948405240
  15                     0.450124492352                    -0.827586387641
  16                    -0.487008676711                    -0.823141127444
  17                    -0.329009738287                    -0.810443092735
  18                    -0.239240791718                    -0.809340639427
  19                    -0.152137281158                    -0.806190087237
  20                    -0.064845373651                    -0.803694181319
  21                     0.022276810084                    -0.801106497592
  22                     0.109403205476                    -0.798669541082
  23                     0.196528404834                    -0.796190192827
  24                     0.531121330438                    -0.795392292668
  25                     0.283660213438                    -0.793955140149
  26                     0.370870577117                    -0.791312920052
  27                    -0.559922964502                    -0.775387026397
  28                     0.601326258510                    -0.743737519362
  29                    -0.461906343024                    -0.739673646504
  30                    -0.374811693086                    -0.736286983968
  31                    -0.285042746517                    -0.735184530659
  32                    -0.197939235956                    -0.732033978470
  33                    -0.110647328450                    -0.729538072552
  34                    -0.023525277011                    -0.726950470537
  35                     0.063596906723                    -0.724362786810
  36                     0.150723302115                    -0.721925830299
  37                     0.237848501473                    -0.719446482044
  38                     0.324980310076                    -0.717211429366
  39                     0.414611958472                    -0.715923006349
  40                     0.501734009910                    -0.713335404333
  41                    -0.592406476917                    -0.694505823685
  42                    -0.677397894120                    -0.675182093899
  43                    -0.509758708321                    -0.666823810083
  44                    -0.420613647885                    -0.662130875200
  45                    -0.330844701316                    -0.661028421892
  46                     0.624234863134                    -0.659641482801
  47                    -0.243741190756                    -0.657877869703
  48                    -0.156449283250                    -0.655381963784
  49                    -0.069327231811                    -0.652794361769
  50                     0.017794819628                    -0.650206759754
  51                     0.104917003361                    -0.647619076027
  52                     0.192043398753                    -0.645182119515
  53                     0.279168598111                    -0.642702771261
  54                     0.709465662357                    -0.641402557539
  55                     0.366300406715                    -0.640467718583
  56                     0.453422458153                    -0.637880116567
  57                     0.540544509591                    -0.635292514551
  58                    -0.736051785181                    -0.610709862711
  59                    -0.643358017059                    -0.594943485358
  60                    -0.556217524546                    -0.593077447963
  61                    -0.469121893401                    -0.589716113942
  62                    -0.376646656115                    -0.586872313124
  63                    -0.289543145555                    -0.583721760935
  64                    -0.202251238049                    -0.581225855017
  65                    -0.115129186610                    -0.578638253002
  66                    -0.028007135172                    -0.576050650986
  67                     0.764911191158                    -0.574151231403
  68                     0.059114916267                    -0.573463048971
  69                     0.146237100000                    -0.570875365244
  70                     0.233363495391                    -0.568438408732
  71                     0.320488694750                    -0.565959060477
  72                     0.668835704087                    -0.564291248239
  73                     0.407620503353                    -0.563724007800
  74                     0.494742554791                    -0.561136405784
  75                     0.581864606229                    -0.558548803768
  76                    -0.792093959961                    -0.536009200248
  77                    -0.702011908120                    -0.530471254169
  78                    -0.602517377410                    -0.517943552345
  79                    -0.515382173158                    -0.515845050272
  80                    -0.425154901631                    -0.514457551867
  81                    -0.335345100354                    -0.509565652168
  82                    -0.248053192848                    -0.507069746249
  83                    -0.160931141410                    -0.504482144234
  84                    -0.073809089971                    -0.501894542219
  85                     0.814307099910                    -0.501620026705
  86                     0.013312961467                    -0.499306940203
  87                     0.724281232888                    -0.497039922104
  88                     0.100435012905                    -0.496719338188
  89                     0.187557196638                    -0.494131654461
  90                     0.274683592030                    -0.491694697949
  91                     0.361808791388                    -0.489215349694
  92                     0.448940599992                    -0.486980297016
  93                     0.632760652660                    -0.484946820611
  94                     0.536062651430                    -0.484392695001
  95                    -0.838734876161                    -0.459633086704
  96                    -0.751578612082                    -0.458776837446
  97                    -0.661171268471                    -0.453471321156
  98                    -0.471415181388                    -0.440586488197
  99                    -0.558574503883                    -0.440139237434
 100                    -0.384310823766                    -0.437459442576
 101                    -0.293855147648                    -0.432913637482
 102                    -0.206733096209                    -0.430326035467
 103                    -0.119611044771                    -0.427738433451
 104                    -0.032488993332                    -0.425150831436
 105                     0.771813363918                    -0.423980740266
 106                     0.054633058106                    -0.422563229420
 107                     0.858912910787                    -0.420722448371
 108                     0.141755109544                    -0.419975627405
 109                     0.228877293277                    -0.417387943678
 110                     0.685091811458                    -0.415244615841
 111                     0.316003688668                    -0.414950987166
 112                     0.403128888027                    -0.412471638911
 113                     0.584827223101                    -0.412150296918
 114                     0.490260696630                    -0.410236586233
 115                    -0.877095797197                    -0.381368233364
 116                    -0.789939533118                    -0.380511984107
 117                    -0.702852969081                    -0.376923405671
 118                    -0.615730917643                    -0.374335803655
 119                    -0.513883511507                    -0.364472176350
 120                    -0.426779153885                    -0.361345130729
 121                    -0.339657102447                    -0.358757528715
 122                    -0.252535051008                    -0.356169926699
 123                    -0.165412999570                    -0.353582324684
 124                    -0.078290948132                    -0.350994722668
 125                     0.008831103306                    -0.348407120653
 126                     0.095953154744                    -0.345819518637
 127                     0.806548173063                    -0.344040509065
 128                     0.183075206183                    -0.343231916622
 129                     0.893647719933                    -0.340782217169
 130                     0.270292714382                    -0.340695633597
 131                     0.632760254502                    -0.339353511057
 132                     0.357419109774                    -0.338258677084
 133                     0.539025268302                    -0.337994188151
 134                     0.444759179930                    -0.335895752844
 135                     0.719826620604                    -0.335304384639
 136                    -0.908172397298                    -0.299936099307
 137                    -0.821016133219                    -0.299079850049
 138                    -0.733929569182                    -0.295491271613
 139                    -0.646807517744                    -0.292903669598
 140                    -0.559685466306                    -0.290316067582
 141                    -0.472581108684                    -0.287189021962
 142                    -0.385459057246                    -0.284601419947
 143                    -0.298337005808                    -0.282013817932
 144                    -0.211214954370                    -0.279426215916
 145                    -0.124092902931                    -0.276838613901
 146                    -0.036970851493                    -0.274251011885
 147                     0.050151199945                    -0.271663409870
 148                     0.137273251383                    -0.269075807854
 149                     0.224395302821                    -0.266488205838
 150                     0.311517354259                    -0.263900603823
 151                     0.398643749650                    -0.261463647310
 152                     0.833861196794                    -0.261270065876
 153                     0.485768991329                    -0.258985786649
 154                     0.920960743663                    -0.258011773980
 155                     0.572919889824                    -0.257694112418
 156                     0.660073278232                    -0.256583067868
 157                     0.747139644334                    -0.252533941450
 158                    -0.866872435044                    -0.223181551241
 159                    -0.779731523981                    -0.221335162845
 160                    -0.692609472543                    -0.218747560830
 161                    -0.605487421105                    -0.216159958815
 162                    -0.518383063483                    -0.213032913194
 163                    -0.431261012045                    -0.210445311179
 164                    -0.344138960607                    -0.207857709164
 165                    -0.257016909169                    -0.205270107149
 166                    -0.169894857731                    -0.202682505133
 167                    -0.082772806292                    -0.200094903118
 168                     0.004349245146                    -0.197507301102
 169                     0.091471296584                    -0.194919699086
 170                     0.178593348022                    -0.192332097071
 171                     0.265715399460                    -0.189744495055
 172                     0.352837450898                    -0.187156893040
 173                     0.439963846290                    -0.184719936527
 174                     0.875279568753                    -0.183781202180
 175                     0.527089087968                    -0.182242075867
 176                     0.614239986464                    -0.180950401635
 177                     0.701362037902                    -0.178362799620
 178                    -0.940102760813                    -0.175913518505
 179                     0.788484934170                    -0.175803800440
 180                    -0.738411427342                    -0.144591452063
 181                    -0.651289375904                    -0.142003850047
 182                    -0.838385085464                    -0.139976926737
 183                    -0.564185018282                    -0.138876804427
 184                    -0.477062966844                    -0.136289202411
 185                     0.946958870110                    -0.134192642128
 186                    -0.389940915406                    -0.133701600396
 187                    -0.302818863968                    -0.131113998381
 188                    -0.215696812530                    -0.128526396366
 189                    -0.128574761092                    -0.125938794350
 190                    -0.041452709653                    -0.123351192334
 191                     0.045669341785                    -0.120763590319
 192                     0.132791393223                    -0.118175988303
 193                     0.219913444661                    -0.115588386288
 194                     0.307035496099                    -0.113000784273
 195                     0.394157547537                    -0.110413182258
 196                     0.481283942929                    -0.107976225745
 197                     0.568409184608                    -0.105498365084
 198                     0.838790884024                    -0.104626142849
 199                     0.655560083104                    -0.104206690852
 200                     0.742684720632                    -0.101620481178
 201                    -0.952213666368                    -0.089598551682
 202                    -0.784213382141                    -0.070435343295
 203                    -0.697091330703                    -0.067847741280
 204                    -0.609986973082                    -0.064720695659
 205                    -0.522864921643                    -0.062133093644
 206                    -0.435742870205                    -0.059545491629
 207                    -0.870615289754                    -0.058961116003
 208                    -0.348620818767                    -0.056957889613
 209                    -0.261498767329                    -0.054370287598
 210                    -0.174376715891                    -0.051782685582
 211                    -0.087254664453                    -0.049195083566
 212                     0.955243146697                    -0.047426760052
 213                    -0.000132613014                    -0.046607481551
 214                     0.086989438424                    -0.044019879535
 215                     0.174111489862                    -0.041432277520
 216                     0.261233541300                    -0.038844675505
 217                     0.348355592738                    -0.036257073490
 218                     0.435477644176                    -0.033669471475
 219                     0.522604039568                    -0.031232514962
 220                     0.609729281247                    -0.028754654301
 221                     0.696880179743                    -0.027462980070
 222                     0.784002231181                    -0.024875378055
 223                     0.871154734986                    -0.023696984433
 224                    -0.956416393628                    -0.002539464766
 225                    -0.742893285503                     0.006308367488
 226                    -0.655788927881                     0.009435413108
 227                    -0.568666876442                     0.012023015123
 228                    -0.481544825004                     0.014610617139
 229                    -0.394422773566                     0.017198219154
 230                    -0.307300722128                     0.019785821170
 231                    -0.220178670690                     0.022373423186
 232                    -0.133056619251                     0.024961025201
 233                    -0.045934567813                     0.027548627217
 234                    -0.874818017014                     0.028097970912
 235                     0.041187483625                     0.030136229232
 236                     0.128309535063                     0.032723831248
 237                     0.215431586501                     0.035311433263
 238                     0.933682990916                     0.037025044036
 239                     0.302553637939                     0.037899035278
 240                     0.389675689377                     0.040486637293
 241                     0.476797740816                     0.043074239308
 242                     0.563924136207                     0.045511195821
 243                     0.651049377886                     0.047989056482
 244                     0.738200276382                     0.049280730713
 245                     0.845548706717                     0.059900585087
 246                    -0.799742728603                     0.072377182750
 247                    -0.952676038749                     0.084540712521
 248                    -0.614468831241                     0.086179123891
 249                    -0.707750816225                     0.086706969444
 250                    -0.527346779803                     0.088766725907
 251                    -0.440224728365                     0.091354327922
 252                    -0.353102676927                     0.093941929938
 253                    -0.265980625489                     0.096529531953
 254                    -0.178858574051                     0.099117133969
 255                    -0.091736522612                     0.101704735985
 256                    -0.004614471174                     0.104292338000
 257                     0.082507580264                     0.106879940015
 258                     0.169629631702                     0.109467542031
 259                     0.256751683140                     0.112055144046
 260                     0.343873734578                     0.114642746061
 261                     0.430995786017                     0.117230348076
 262                    -0.872928106875                     0.119714778149
 263                     0.518117837454                     0.119817950091
 264                     0.605244232846                     0.122254906604
 265                     0.948488117530                     0.122918907361
 266                     0.692369474524                     0.124732767265
 267                     0.779520373020                     0.126024441497
 268                     0.864397091744                     0.145845898295
 269                    -0.781099470499                     0.157520452938
 270                    -0.660177342360                     0.160392866165
 271                    -0.573055290922                     0.162980468181
 272                    -0.485933239484                     0.165568070196
 273                    -0.398811188046                     0.168155672211
 274                    -0.311689136608                     0.170743274227
 275                    -0.224567085169                     0.173330876243
 276                    -0.137445033731                     0.175918478258
 277                    -0.939899172374                     0.176941374264
 278                    -0.050322982293                     0.178506080274
 279                     0.036799069145                     0.181093682289
 280                     0.123921120583                     0.183681284304
 281                     0.211043172021                     0.186268886319
 282                     0.298165223459                     0.188856488334
 283                     0.385287274897                     0.191444090350
 284                     0.472409326336                     0.194031692365
 285                     0.559534568014                     0.196509553026
 286                     0.646660963406                     0.198946509539
 287                     0.734826301074                     0.200853496441
 288                    -0.854284848772                     0.204858048336
 289                     0.933318062360                     0.208892552831
 290                    -0.722128901786                     0.221703157434
 291                     0.848796298586                     0.231598815352
 292                    -0.618857245722                     0.237136576948
 293                    -0.531735194283                     0.239724178964
 294                    -0.444613142845                     0.242311780979
 295                    -0.357491091407                     0.244899382995
 296                    -0.270369039968                     0.247486985011
 297                    -0.183246988530                     0.250074587026
 298                    -0.096124937092                     0.252662189042
 299                    -0.009002885654                     0.255249791057
 300                     0.078119165784                     0.257837393072
 301                     0.165241217222                     0.260424995087
 302                    -0.919705021073                     0.262452740688
 303                     0.252363268660                     0.263012597102
 304                     0.339485320099                     0.265600199117
 305                     0.426607371537                     0.268187801133
 306                     0.513729422975                     0.270775403148
 307                     0.600854664653                     0.273253263809
 308                     0.687981060045                     0.275690220321
 309                     0.775106873668                     0.278147888233
 310                    -0.837727418240                     0.292060512723
 311                     0.910327137755                     0.293331329979
 312                    -0.751363151858                     0.303814704453
 313                    -0.664530909663                     0.311371770442
 314                    -0.577408858225                     0.313959372458
 315                    -0.490286806787                     0.316546974473
 316                    -0.403164755349                     0.319134576489
 317                    -0.316042703911                     0.321722178504
 318                    -0.228920652473                     0.324309780520
 319                    -0.141798601035                     0.326897382535
 320                    -0.054676549597                     0.329484984551
 321                     0.032445501841                     0.332072586566
 322                     0.119567553279                     0.334660188580
 323                     0.206689604718                     0.337247790596
 324                     0.293811656155                     0.339835392611
 325                     0.836637712837                     0.339880402860
 326                     0.380933707594                     0.342422994626
 327                     0.468055759032                     0.345010596641
 328                     0.555181000710                     0.347488457302
 329                     0.642307396101                     0.349925413814
 330                     0.729433209724                     0.352383081726
 331                    -0.883529373040                     0.366216621491
 332                    -0.797165106657                     0.377970813219
 333                    -0.710332864462                     0.385527879210
 334                    -0.623210813024                     0.388115481225
 335                    -0.536088761586                     0.390703083241
 336                    -0.448966710148                     0.393290685256
 337                    -0.361844658710                     0.395878287272
 338                    -0.274722607272                     0.398465889288
 339                    -0.187600555833                     0.401053491303
 340                    -0.100478504395                     0.403641093319
 341                    -0.013356452957                     0.406228695334
 342                     0.073765598481                     0.408816297349
 343                     0.160887649919                     0.411403899364
 344                     0.248009701357                     0.413991501379
 345                     0.335131752795                     0.416579103394
 346                     0.422253804234                     0.419166705409
 347                     0.856986741036                     0.424632185038
 348                     0.595712689499                     0.424651464857
 349                     0.682839084890                     0.427088421369
 350                     0.769964898513                     0.429546089281
 351                     0.508723725717                     0.430116600826
 352                    -0.842724880941                     0.452275957713
 353                    -0.755892638746                     0.459833023703
 354                    -0.668770587309                     0.462420625719
 355                    -0.581648535870                     0.465008227734
 356                    -0.494526484433                     0.467595829749
 357                    -0.407404432995                     0.470183431765
 358                    -0.320282381557                     0.472771033780
 359                    -0.233160330119                     0.475358635796
 360                    -0.146038278681                     0.477946237811
 361                    -0.058916227243                     0.480533839826
 362                     0.028205824195                     0.483121441841
 363                     0.115327875633                     0.485709043856
 364                     0.202449927071                     0.488296645871
 365                     0.289571978509                     0.490884247886
 366                     0.376694029947                     0.493471849901
 367                     0.637240488959                     0.501369748632
 368                     0.724366302582                     0.503827416545
 369                     0.463163951431                     0.504421745318
 370                     0.811495116985                     0.506176295367
 371                     0.550278547611                     0.507249228877
 372                    -0.627450490671                     0.539164336502
 373                    -0.789105705016                     0.540417387943
 374                    -0.540328439233                     0.541751938517
 375                    -0.453206387794                     0.544339540533
 376                    -0.366084336356                     0.546927142548
 377                    -0.278962284918                     0.549514744563
 378                    -0.191840233480                     0.552102346579
 379                    -0.104718182042                     0.554689948594
 380                    -0.017596130604                     0.557277550609
 381                     0.069525920834                     0.559865152624
 382                     0.156647972272                     0.562452754639
 383                     0.243770023711                     0.565040356655
 384                     0.330892075149                     0.567627958669
 385                    -0.708025327995                     0.572400508382
 386                     0.417361996632                     0.578577854086
 387                     0.669755573205                     0.582238264307
 388                     0.506471700627                     0.582601121277
 389                     0.756881386828                     0.584695932220
 390                     0.588181461103                     0.612940247399
 391                    -0.499008342594                     0.618495649300
 392                    -0.411886291156                     0.621083251316
 393                    -0.324764239717                     0.623670853331
 394                    -0.237642188279                     0.626258455346
 395                    -0.608792429052                     0.626960090666
 396                    -0.150520136841                     0.628846057362
 397                    -0.063398085403                     0.631433659377
 398                     0.023723966035                     0.634021261391
 399                     0.110846017473                     0.636608863406
 400                     0.197968068911                     0.639196465422
 401                     0.285090120350                     0.641784067437
 402                     0.371389972637                     0.654002210759
 403                     0.458539261071                     0.655398296836
 404                    -0.693737672655                     0.658381962405
 405                     0.684310708690                     0.668174843026
 406                     0.543240092676                     0.687621041013
 407                    -0.548594479647                     0.690176626854
 408                    -0.457956529203                     0.697601583675
 409                    -0.370566194517                     0.697826962099
 410                    -0.283444143078                     0.700414564114
 411                    -0.196322091640                     0.703002166129
 412                    -0.109200040202                     0.705589768145
 413                     0.061758480137                     0.712445258153
 414                     0.150921419650                     0.714009830270
 415                     0.238043471088                     0.716597432286
 416                    -0.630919549391                     0.718804068629
 417                    -0.024389442445                     0.725692256524
 418                     0.324520825291                     0.727488471775
 419                     0.620640213024                     0.727698078092
 420                     0.474415151495                     0.741100710070
 421                    -0.414333302855                     0.773201943085
 422                    -0.327211251416                     0.775789545101
 423                    -0.557908044419                     0.776838066043
 424                    -0.240089199978                     0.778377147116
 425                     0.396695641781                     0.780779821154
 426                    -0.152967148540                     0.780964749131
 427                     0.551815271844                     0.781177747149
 428                     0.105025995103                     0.788108126719
 429                     0.192144714479                     0.790805582069
 430                    -0.068156550783                     0.801067237510
 431                     0.018997671665                     0.802110808514
 432                     0.315364846552                     0.814166701938
 433                    -0.484870024798                     0.824402708592
 434                     0.478407479451                     0.828169699087
 435                    -0.199361279242                     0.855436760426
 436                     0.242478553660                     0.861963520236
 437                    -0.320678153357                     0.862704826615
 438                    -0.407805137320                     0.865120648728
 439                     0.145688850744                     0.865202093423
 440                     0.401026490937                     0.868283663584
 441                    -0.114411282595                     0.874941775180
 442                     0.059660527306                     0.879204775218
 443                    -0.027476782380                     0.881213952102
 444                     0.320314958972                     0.901186492320
 445                    -0.256282992412                     0.921443321470
 446                     0.196507268194                     0.936014775753
 447                    -0.171332995764                     0.940948336224
 448                     0.110478944756                     0.950017457548
 449                    -0.076375897039                     0.953365349293
 450                     0.018841393874                     0.956223669459
