   1                     0.010622270686                    -0.955389693732
   2                    -0.082502133006                    -0.951890612916
   3                     0.099576177175                    -0.950245696893
   4                    -0.170795889634                    -0.940069734111
   5                     0.194265621392                    -0.935501581641
   6                    -0.278329684276                    -0.914021295025
   7                     0.280547260723                    -0.913343076510
   8                    -0.362762094896                    -0.882708567580
   9                    -0.033093017246                    -0.877767337792
  10                     0.381187841120                    -0.876126800577
  11                     0.135405691940                    -0.868635825532
  12                    -0.208125026642                    -0.859186755893
  13                    -0.119153334496                    -0.854764241691
  14                    -0.445206087955                    -0.845395694427
  15                     0.049609850910                    -0.844665128893
  16                     0.461127312003                    -0.836817747800
  17                     0.217292799957                    -0.833564153547
  18                     0.306202633622                    -0.828035852451
  19                    -0.293677536050                    -0.826271855818
  20                    -0.522005238278                    -0.800258003471
  21                    -0.375185066331                    -0.790326854181
  22                     0.537058374608                    -0.790234549467
  23                     0.386645516391                    -0.787212603646
  24                    -0.043102389839                    -0.775530459275
  25                     0.136852728848                    -0.774077044982
  26                    -0.223472878416                    -0.771437316685
  27                    -0.132912027910                    -0.766751634691
  28                     0.044930807899                    -0.755706558807
  29                     0.222750475228                    -0.744649956616
  30                     0.462810501706                    -0.741012867204
  31                     0.311660308893                    -0.739121655520
  32                     0.608320988440                    -0.736782136002
  33                    -0.450987747193                    -0.723849065846
  34                    -0.629597477126                    -0.718685854672
  35                    -0.540687643461                    -0.713157553576
  36                    -0.362867976131                    -0.702100951384
  37                    -0.273881343579                    -0.697990007169
  38                    -0.182154593931                    -0.692517610639
  39                    -0.093221591787                    -0.687000835851
  40                    -0.004311758123                    -0.681472534755
  41                     0.525933523286                    -0.678155848647
  42                     0.084598075542                    -0.675944233660
  43                     0.173507909207                    -0.670415932564
  44                     0.262417742872                    -0.664887631468
  45                     0.351327576536                    -0.659359330372
  46                    -0.693794349247                    -0.656925978982
  47                     0.440237410201                    -0.653831029276
  48                     0.698639900231                    -0.651770381894
  49                     0.609650922283                    -0.647710524861
  50                    -0.589930209482                    -0.638923529524
  51                    -0.501020375817                    -0.633395228428
  52                    -0.412110542153                    -0.627866927333
  53                    -0.321934841980                    -0.622980794889
  54                    -0.232563059094                    -0.619070301122
  55                    -0.142464157808                    -0.612766811799
  56                    -0.053554324144                    -0.607238510703
  57                     0.035355509521                    -0.601710209608
  58                     0.124265343186                    -0.596181908512
  59                     0.213175176850                    -0.590653607416
  60                    -0.751960325040                    -0.589455690000
  61                     0.302085010515                    -0.585125306320
  62                     0.756304660010                    -0.583871220523
  63                     0.390994844180                    -0.579597005224
  64                    -0.654127081603                    -0.577163653834
  65                     0.479904677844                    -0.574068704129
  66                     0.657803489457                    -0.572600260065
  67                     0.568814511509                    -0.568540403032
  68                    -0.550262941838                    -0.559161204376
  69                    -0.461353108174                    -0.553632903280
  70                    -0.371177408001                    -0.548746770838
  71                    -0.280616557494                    -0.544061088843
  72                    -0.191706723829                    -0.538532787747
  73                    -0.102796890165                    -0.533004486651
  74                    -0.013887056500                    -0.527476185556
  75                     0.075022777165                    -0.521947884460
  76                     0.163932610829                    -0.516419583364
  77                    -0.804073170930                    -0.514708442621
  78                     0.252842444494                    -0.510891282268
  79                    -0.712293057396                    -0.509693364853
  80                     0.806564039226                    -0.508486198778
  81                     0.341752278159                    -0.505362981172
  82                     0.715468249236                    -0.504701098694
  83                     0.430662111823                    -0.499834680077
  84                    -0.614459813959                    -0.497401328687
  85                     0.519571945488                    -0.494306378981
  86                     0.610683219182                    -0.488487362505
  87                    -0.510595674195                    -0.479398879229
  88                    -0.420419974022                    -0.474512746786
  89                    -0.329859123515                    -0.469827064791
  90                    -0.240949289850                    -0.464298763695
  91                    -0.152039456186                    -0.458770462599
  92                    -0.063129622521                    -0.453242161504
  93                     0.025780211144                    -0.447713860408
  94                     0.114690044808                    -0.442185559312
  95                     0.203599878473                    -0.436657258216
  96                    -0.762148864140                    -0.435869797008
  97                    -0.851210464372                    -0.433985122155
  98                     0.292509712138                    -0.431128957120
  99                     0.852855437794                    -0.430743477181
 100                    -0.672625789753                    -0.429931039705
 101                     0.763778310748                    -0.429856869845
 102                     0.381419545802                    -0.425600656024
 103                     0.674806276482                    -0.425441243742
 104                     0.470329379467                    -0.420072354929
 105                    -0.574792546316                    -0.417639003539
 106                     0.559239213132                    -0.414544053833
 107                    -0.469662540043                    -0.400278722734
 108                    -0.379101689536                    -0.395593040739
 109                    -0.290191855872                    -0.390064739643
 110                    -0.201282022207                    -0.384536438548
 111                    -0.112372188542                    -0.379008137452
 112                    -0.023462354877                    -0.373479836356
 113                     0.065447478787                    -0.367951535260
 114                     0.154357312452                    -0.362423234164
 115                    -0.805047487955                    -0.357797851278
 116                     0.243267146116                    -0.356894933068
 117                     0.809084698747                    -0.353157118596
 118                     0.623366828112                    -0.352712268865
 119                    -0.716141906398                    -0.352201584365
 120                     0.332176979781                    -0.351366631973
 121                     0.719683222361                    -0.348215283739
 122                     0.421086813446                    -0.345838330877
 123                    -0.627299626556                    -0.345677019410
 124                    -0.892532781593                    -0.341009640170
 125                     0.509996647111                    -0.340310029781
 126                    -0.533859412164                    -0.338518847044
 127                     0.895737929856                    -0.332499476580
 128                    -0.428344255557                    -0.321359016687
 129                    -0.339434421893                    -0.315830715591
 130                    -0.250524588228                    -0.310302414495
 131                    -0.161614754563                    -0.304774113400
 132                    -0.072704920899                    -0.299245812304
 133                     0.016204912766                    -0.293717511208
 134                     0.105114746431                    -0.288189210112
 135                     0.194024580095                    -0.282660909016
 136                     0.282934413760                    -0.277132607921
 137                    -0.832927478128                    -0.273191546648
 138                     0.371844247425                    -0.271604306825
 139                    -0.744021896572                    -0.267595279735
 140                     0.460754081089                    -0.266076005729
 141                     0.638636648340                    -0.264949217269
 142                     0.816489663771                    -0.264383884295
 143                    -0.655179616731                    -0.261070714779
 144                     0.549663914754                    -0.260547704633
 145                     0.727546482005                    -0.259420916173
 146                    -0.920412771767                    -0.256403335540
 147                    -0.566269783066                    -0.255542413683
 148                     0.922811413202                    -0.247631655029
 149                    -0.477586821579                    -0.247124992635
 150                    -0.388676987914                    -0.241596691539
 151                    -0.299767154249                    -0.236068390444
 152                    -0.210857320584                    -0.230540089348
 153                    -0.121947486920                    -0.225011788252
 154                    -0.033037653255                    -0.219483487156
 155                     0.055872180410                    -0.213955186060
 156                     0.144782014074                    -0.208426884965
 157                     0.233691847739                    -0.202898583869
 158                     0.322601681404                    -0.197370282773
 159                    -0.793264462593                    -0.193361255683
 160                     0.411511515068                    -0.191841981677
 161                    -0.704422182752                    -0.186836690727
 162                     0.500421348733                    -0.186313680581
 163                     0.678303915983                    -0.185186892121
 164                     0.856065821527                    -0.184576313397
 165                    -0.615512349087                    -0.181308389631
 166                     0.589331182398                    -0.180785379485
 167                     0.767164373762                    -0.178914757029
 168                    -0.880761272789                    -0.176633170290
 169                    -0.526829387600                    -0.172890968583
 170                    -0.437919553935                    -0.167362667487
 171                    -0.349009720270                    -0.161834366392
 172                     0.941863240032                    -0.160611263570
 173                    -0.260099886606                    -0.156306065296
 174                    -0.171190052941                    -0.150777764200
 175                    -0.082280219276                    -0.145249463104
 176                     0.006629614389                    -0.139721162008
 177                     0.095539448053                    -0.134192860912
 178                     0.184449281718                    -0.128664559817
 179                     0.273359115383                    -0.123136258721
 180                    -0.948104750864                    -0.118320422147
 181                     0.362268949047                    -0.117607957625
 182                     0.451178782712                    -0.112079656529
 183                    -0.763667014202                    -0.108382301208
 184                    -0.664754915108                    -0.107074365580
 185                     0.540088616376                    -0.106551355433
 186                     0.718007171768                    -0.104624178034
 187                     0.813431180141                    -0.102388047121
 188                     0.628998450041                    -0.101023054338
 189                    -0.576071953621                    -0.098656944532
 190                    -0.487162119956                    -0.093128643436
 191                    -0.863932690570                    -0.089155633426
 192                    -0.398252286291                    -0.087600342340
 193                    -0.309342452627                    -0.082072041244
 194                    -0.220432618962                    -0.076543740148
 195                     0.915782155314                    -0.075433228518
 196                    -0.131522785297                    -0.071015439052
 197                    -0.042612951633                    -0.065487137956
 198                     0.046296882032                    -0.059958836861
 199                     0.135206715697                    -0.054430535765
 200                     0.224116549362                    -0.048902234669
 201                     0.313026383026                    -0.043373933573
 202                     0.401936216691                    -0.037845632477
 203                    -0.713997481129                    -0.032840341527
 204                     0.490846050355                    -0.032317331381
 205                    -0.955003514300                    -0.029506415941
 206                     0.579755884020                    -0.026789030285
 207                     0.757674439411                    -0.024861852886
 208                    -0.802684900314                    -0.024470018147
 209                    -0.625314519641                    -0.024422920479
 210                     0.668665717685                    -0.021260729190
 211                     0.846584273076                    -0.019333551790
 212                    -0.536404685977                    -0.018894619384
 213                    -0.447494852312                    -0.013366318288
 214                    -0.358585018648                    -0.007838017192
 215                    -0.269675184983                    -0.002309716096
 216                    -0.180765351319                     0.003218585000
 217                     0.955449422958                     0.004329096629
 218                    -0.091855517654                     0.008746886096
 219                    -0.002945683989                     0.014275187191
 220                    -0.880369002126                     0.019127011120
 221                     0.085964149676                     0.019803488287
 222                     0.174873983340                     0.025331789383
 223                     0.263783817005                     0.030860090479
 224                     0.352693650670                     0.036388391575
 225                     0.441603484334                     0.041916692671
 226                     0.530513317999                     0.047444993766
 227                    -0.676945700847                     0.048170066528
 228                     0.619423151664                     0.052973294862
 229                     0.797341707055                     0.054900472262
 230                    -0.585647251998                     0.055339404668
 231                     0.708332985328                     0.058501595958
 232                     0.886251540720                     0.060428773357
 233                    -0.496737418334                     0.060867705764
 234                    -0.790315718882                     0.063990933363
 235                    -0.407827584669                     0.066396006860
 236                    -0.952820853614                     0.070956055594
 237                    -0.318917751004                     0.071924307956
 238                    -0.230007917340                     0.077452609052
 239                    -0.141098083675                     0.082980910148
 240                    -0.052188250010                     0.088509211243
 241                     0.036721583655                     0.094037512339
 242                     0.125631417319                     0.099565813435
 243                     0.214541250984                     0.105094114531
 244                    -0.867518371141                     0.109558181654
 245                     0.303451084649                     0.110622415627
 246                     0.392360918313                     0.116150716723
 247                     0.481270751978                     0.121679017818
 248                    -0.724032228034                     0.123790034742
 249                     0.947194104055                     0.125402034084
 250                     0.570180585643                     0.127207318914
 251                    -0.635128431809                     0.129414592686
 252                     0.659090419307                     0.132735620010
 253                     0.837008974698                     0.134662797409
 254                    -0.545979984355                     0.135101729816
 255                     0.748000252972                     0.138263921106
 256                    -0.457070150690                     0.140630030912
 257                    -0.368160317025                     0.146158332008
 258                    -0.279250483361                     0.151686633104
 259                    -0.190340649696                     0.157214934199
 260                    -0.942071251408                     0.159386631119
 261                    -0.101430816031                     0.162743235295
 262                    -0.012520982367                     0.168271536391
 263                     0.076388851298                     0.173799837487
 264                     0.165298684963                     0.179328138583
 265                     0.254208518627                     0.184856439679
 266                     0.343118352292                     0.190384740775
 267                     0.432028185957                     0.195913041870
 268                    -0.773274794055                     0.198024058795
 269                    -0.862349403413                     0.199135185654
 270                     0.897951538034                     0.199636058135
 271                     0.520938019622                     0.201441342966
 272                    -0.684370997830                     0.203648616738
 273                     0.609847853286                     0.206969644062
 274                    -0.595461164165                     0.209176917834
 275                     0.698757686951                     0.212497945158
 276                    -0.506312716711                     0.214864054964
 277                     0.789779982181                     0.217545863774
 278                    -0.417402883046                     0.220392356060
 279                    -0.328493049382                     0.225920657156
 280                    -0.239583215717                     0.231448958252
 281                    -0.150673382052                     0.236977259347
 282                    -0.061763548388                     0.242505560443
 283                     0.027146285277                     0.248033861539
 284                     0.116056118942                     0.253562162635
 285                     0.204965952607                     0.259090463730
 286                     0.293875786271                     0.264618764827
 287                    -0.916571126238                     0.269814216555
 288                     0.382785619936                     0.270147065922
 289                     0.471695453600                     0.275675367018
 290                    -0.733613563851                     0.277882640790
 291                    -0.822689281358                     0.278901064035
 292                     0.560605287265                     0.281203668114
 293                    -0.644703730186                     0.283410941886
 294                     0.649515120930                     0.286731969210
 295                     0.911102149650                     0.287741574702
 296                    -0.555793896522                     0.288939242982
 297                     0.738424954594                     0.292260270306
 298                    -0.466645449068                     0.294626380112
 299                    -0.377735615403                     0.300154681208
 300                    -0.288825781738                     0.305682982303
 301                    -0.199915948074                     0.311211283399
 302                     0.825334322553                     0.311812313583
 303                    -0.111006114409                     0.316739584495
 304                    -0.022096280744                     0.322267885591
 305                     0.066813552921                     0.327796186687
 306                     0.155723386586                     0.333324487783
 307                     0.244633220250                     0.338852788879
 308                     0.333543053915                     0.344381089975
 309                     0.422452887580                     0.349909391070
 310                    -0.887458838772                     0.354004449681
 311                     0.511362721244                     0.355437692166
 312                    -0.695802216639                     0.358592988915
 313                     0.600272554909                     0.360965993262
 314                    -0.605036462543                     0.363173267034
 315                    -0.799031887342                     0.364783823327
 316                     0.689182388574                     0.366494294358
 317                    -0.516126628878                     0.368701568129
 318                    -0.426978181424                     0.374388705260
 319                    -0.338068347759                     0.379917006355
 320                    -0.249158514095                     0.385445307451
 321                     0.776091756533                     0.386046337635
 322                     0.873088783324                     0.387424911488
 323                    -0.160248680430                     0.390973608547
 324                    -0.071338846765                     0.396501909643
 325                     0.017570986900                     0.402030210739
 326                     0.106480820565                     0.407558511834
 327                     0.195390654230                     0.413086812931
 328                     0.284300487894                     0.418615114027
 329                     0.373210321559                     0.424143415123
 330                     0.462120155224                     0.429671716219
 331                    -0.743305758858                     0.434282882597
 332                     0.551029988888                     0.435200017314
 333                    -0.654279028564                     0.437407291086
 334                    -0.848712651789                     0.438826998049
 335                     0.642298719742                     0.442345807561
 336                    -0.565369194899                     0.442935592181
 337                    -0.476459361235                     0.448463893277
 338                    -0.387310913780                     0.454151030407
 339                    -0.298401080116                     0.459679331503
 340                    -0.209491246451                     0.465207632599
 341                     0.833194929523                     0.467105062012
 342                     0.743922610663                     0.469116589166
 343                    -0.120581412786                     0.470735933695
 344                    -0.031671579122                     0.476264234791
 345                     0.057238254544                     0.481792535886
 346                     0.146148088209                     0.487320836983
 347                     0.235057921873                     0.492849138079
 348                     0.323967755538                     0.498377439175
 349                     0.412877589203                     0.503905740271
 350                    -0.793477190017                     0.508752065513
 351                     0.501787422867                     0.509434041366
 352                    -0.703638491215                     0.514045207745
 353                     0.590697256532                     0.514962342462
 354                    -0.614611760921                     0.517169616233
 355                    -0.525701927256                     0.522697917329
 356                    -0.436792093591                     0.528226218425
 357                     0.678560891543                     0.529642338305
 358                    -0.347643646137                     0.533913355555
 359                    -0.258733812472                     0.539441656651
 360                    -0.169823978807                     0.544969957747
 361                     0.781297763024                     0.549978314483
 362                    -0.080914145143                     0.550498258843
 363                     0.007995688523                     0.556026559938
 364                     0.096905522188                     0.561554861035
 365                     0.185815355853                     0.567083162131
 366                     0.274725189517                     0.572611463227
 367                     0.363635023182                     0.578139764323
 368                     0.452544856846                     0.583668065418
 369                    -0.752881057236                     0.588279231797
 370                     0.541454690511                     0.589196366514
 371                    -0.663971223571                     0.593807532893
 372                    -0.574944493277                     0.596931941381
 373                    -0.486034659612                     0.602460242477
 374                     0.629318325522                     0.603876362357
 375                    -0.397124825948                     0.607988543573
 376                     0.717968931517                     0.612627973183
 377                    -0.308231807733                     0.613803220988
 378                    -0.219066544829                     0.619203981799
 379                    -0.130156711163                     0.624732282895
 380                    -0.041246877498                     0.630260583990
 381                     0.047662956167                     0.635788885087
 382                     0.136572789832                     0.641317186183
 383                     0.225482623496                     0.646845487279
 384                     0.314392457161                     0.652373788375
 385                     0.403302290826                     0.657902089471
 386                     0.492212124490                     0.663430390566
 387                    -0.535277225634                     0.676694266529
 388                    -0.668365908567                     0.682780603982
 389                     0.666064511220                     0.685025844622
 390                    -0.446796586863                     0.687023700109
 391                    -0.357719167523                     0.687880437525
 392                     0.577140104693                     0.690314564608
 393                    -0.268309110850                     0.693438005851
 394                    -0.179399277185                     0.698966306947
 395                    -0.090487908365                     0.704495626350
 396                    -0.001602235704                     0.710399678420
 397                     0.087330223810                     0.715551210235
 398                     0.176240057475                     0.721079511331
 399                     0.265149891140                     0.726607812427
 400                     0.354059724805                     0.732136113523
 401                     0.449401018595                     0.741912295890
 402                    -0.601871640135                     0.742059882832
 403                    -0.515417062500                     0.763533742320
 404                    -0.406868625220                     0.766655845090
 405                    -0.317791205880                     0.767512582507
 406                    -0.228849699158                     0.773829275809
 407                     0.556180068803                     0.776895148636
 408                    -0.139732009499                     0.778728632074
 409                     0.036271480463                     0.791029159154
 410                     0.126997491454                     0.795313535383
 411                    -0.052593080421                     0.797245276464
 412                     0.215907325119                     0.800841836479
 413                     0.393312170726                     0.812103395110
 414                     0.304231249256                     0.812435156121
 415                     0.481408234442                     0.825317183100
 416                    -0.463173240319                     0.835687076818
 417                    -0.296785890113                     0.854082192329
 418                    -0.186897288740                     0.854299506550
 419                     0.078021797300                     0.869723897681
 420                    -0.099761946660                     0.872818491289
 421                    -0.383330179861                     0.875191587091
 422                    -0.010772610524                     0.876870489491
 423                     0.182616287673                     0.883468874796
 424                     0.349059023454                     0.889415616601
 425                     0.264708044303                     0.918058817391
 426                    -0.241980254963                     0.924309416331
 427                    -0.154844912882                     0.942828401069
 428                     0.120965858571                     0.947770859421
 429                    -0.060366939307                     0.953227258188
 430                     0.032171450747                     0.954917451231
