   1                     0.030516332289                    -0.954642341476
   2                    -0.088645851821                    -0.951007444572
   3                     0.119976867268                    -0.947564666921
   4                    -0.177508668757                    -0.938490233935
   5                     0.212706204876                    -0.930099122095
   6                     0.299671569579                    -0.906901426321
   7                    -0.340201064615                    -0.892488925595
   8                    -0.250660480722                    -0.886508571764
   9                    -0.027019439246                    -0.885773511155
  10                     0.383463505592                    -0.874773677333
  11                     0.060738539727                    -0.867016701124
  12                     0.150394707911                    -0.863136971426
  13                     0.237625991034                    -0.842066042625
  14                    -0.175303603941                    -0.837778479237
  15                    -0.405037988683                    -0.830444956724
  16                    -0.087457805922                    -0.819437362417
  17                    -0.493846826418                    -0.817550340171
  18                     0.321417927048                    -0.809938293637
  19                     0.512793158368                    -0.805801727106
  20                     0.000210167413                    -0.800264275881
  21                     0.423756474480                    -0.794587908932
  22                    -0.325310845827                    -0.789251953824
  23                     0.087968146386                    -0.781507465850
  24                     0.177503127566                    -0.775443808465
  25                    -0.237107967945                    -0.772713116823
  26                     0.586155983493                    -0.754118299534
  27                    -0.587940332557                    -0.752727980102
  28                    -0.149857529187                    -0.751721648738
  29                     0.261295063580                    -0.743316059478
  30                    -0.062011731167                    -0.733380531918
  31                    -0.501631963808                    -0.728148592807
  32                    -0.390760290748                    -0.726648355430
  33                     0.349053042553                    -0.724559249446
  34                     0.025656242167                    -0.714207445383
  35                     0.436811021525                    -0.705802439415
  36                    -0.302244480107                    -0.702526965681
  37                     0.113414221140                    -0.695450635351
  38                    -0.655990384173                    -0.694226088928
  39                     0.524629396148                    -0.687327670149
  40                    -0.213985471317                    -0.685985983118
  41                     0.201172200112                    -0.676693825319
  42                     0.612334988124                    -0.668281591113
  43                    -0.126728522162                    -0.665013345618
  44                    -0.561754827276                    -0.661526358648
  45                     0.288930179085                    -0.657937015287
  46                    -0.450125322547                    -0.654661541553
  47                     0.700127688697                    -0.649687976028
  48                    -0.038880646341                    -0.646672314650
  49                     0.376688158058                    -0.639180205256
  50                    -0.362367343575                    -0.635904731522
  51                     0.048787435783                    -0.627499725554
  52                    -0.721257031145                    -0.626135481588
  53                     0.464446137030                    -0.620423395224
  54                    -0.274609364602                    -0.617147921490
  55                     0.136545414756                    -0.608742915522
  56                    -0.633329872123                    -0.607394170893
  57                     0.552204116003                    -0.601666585192
  58                    -0.186851385630                    -0.598391111459
  59                     0.224303393728                    -0.589986105491
  60                    -0.510248186015                    -0.588039307394
  61                     0.640128795398                    -0.582954074607
  62                     0.758012036564                    -0.581111864532
  63                    -0.099093406657                    -0.579634301427
  64                     0.312061372701                    -0.571229295459
  65                    -0.422490207043                    -0.569282497362
  66                    -0.011335427685                    -0.560877491395
  67                     0.399819351673                    -0.552472485427
  68                    -0.771646073221                    -0.551854311943
  69                    -0.334732228070                    -0.550525687331
  70                     0.076422551288                    -0.542120681363
  71                     0.487577330646                    -0.533715675396
  72                    -0.246974249098                    -0.531768877299
  73                    -0.579020644088                    -0.530277083291
  74                    -0.679122710284                    -0.530217122692
  75                     0.164180530260                    -0.523363871332
  76                     0.575335309618                    -0.514958865364
  77                    -0.159216270125                    -0.513012067268
  78                     0.251938509233                    -0.504607061300
  79                    -0.482613070511                    -0.502660263203
  80                     0.663093288591                    -0.496202055332
  81                    -0.071458291153                    -0.494255257236
  82                     0.752711580940                    -0.491528462241
  83                     0.339696488206                    -0.485850251268
  84                    -0.394855091538                    -0.483903453172
  85                    -0.826533891172                    -0.478659558998
  86                     0.016299687820                    -0.475498447204
  87                     0.427454467178                    -0.467093441236
  88                    -0.307097112565                    -0.465146643140
  89                    -0.738226341112                    -0.462689042467
  90                     0.836864767732                    -0.460359215401
  91                     0.104057666793                    -0.456741637172
  92                    -0.630493912951                    -0.454794839076
  93                     0.515212446151                    -0.448336631205
  94                    -0.219339133593                    -0.446389833108
  95                     0.191815645765                    -0.437984827141
  96                    -0.542735933978                    -0.436038029044
  97                     0.602970425123                    -0.429579821173
  98                    -0.131581154620                    -0.427633023077
  99                     0.279573624738                    -0.419228017109
 100                    -0.454977955006                    -0.417281219012
 101                     0.690728404096                    -0.410823011141
 102                    -0.043823175648                    -0.408876213045
 103                     0.367331603710                    -0.400471207077
 104                    -0.367219976033                    -0.398524408981
 105                     0.778511063692                    -0.392182048984
 106                    -0.804613181762                    -0.391637933554
 107                     0.043934803325                    -0.390119403013
 108                    -0.689597543779                    -0.387266758851
 109                     0.455089582683                    -0.381714397046
 110                     0.876376668248                    -0.379785705402
 111                    -0.279461997061                    -0.379767598949
 112                     0.131692782297                    -0.371362592982
 113                    -0.601839564806                    -0.368509948819
 114                     0.542847561655                    -0.362957587014
 115                    -0.191704018088                    -0.361010788917
 116                    -0.886624586719                    -0.355204291782
 117                     0.219450761270                    -0.352605782950
 118                    -0.514081585834                    -0.349753138788
 119                     0.630605540628                    -0.344200776982
 120                    -0.103946039116                    -0.342253978886
 121                     0.307208740242                    -0.333848972918
 122                    -0.426323606861                    -0.330996328756
 123                     0.720006368492                    -0.324133081790
 124                    -0.016188060143                    -0.323497168854
 125                    -0.749720407247                    -0.320644524692
 126                     0.394966719215                    -0.315092162886
 127                    -0.338565627889                    -0.312239518724
 128                     0.818022964207                    -0.311608538985
 129                     0.071569918829                    -0.304740358822
 130                    -0.661962428274                    -0.301887714660
 131                     0.482724698188                    -0.296335352855
 132                    -0.250807648916                    -0.293482708693
 133                     0.909803198925                    -0.290708573607
 134                     0.159327897802                    -0.285983548791
 135                    -0.574204449301                    -0.283130904628
 136                     0.570482677160                    -0.277578542823
 137                    -0.163049669944                    -0.274725898661
 138                    -0.826378540246                    -0.273988212783
 139                    -0.916047839753                    -0.270424854554
 140                     0.247085876774                    -0.267226738759
 141                    -0.486446470329                    -0.264374094597
 142                     0.658405083270                    -0.258875128875
 143                    -0.075291690971                    -0.255969088629
 144                     0.334843855747                    -0.248469928727
 145                    -0.398688491356                    -0.245617284565
 146                     0.758739738395                    -0.243182364159
 147                     0.012466288001                    -0.237212278597
 148                    -0.722085291742                    -0.235265480501
 149                     0.422601834719                    -0.229713118695
 150                    -0.310930512384                    -0.226860474533
 151                     0.846945963628                    -0.226657135815
 152                     0.100224266974                    -0.218455468566
 153                    -0.634327312769                    -0.216508670469
 154                     0.510359813692                    -0.210956308664
 155                    -0.223172533411                    -0.208103664502
 156                     0.933397863632                    -0.202587449868
 157                     0.187982245947                    -0.199698658534
 158                    -0.546569333797                    -0.197751860438
 159                    -0.868127231250                    -0.194550642356
 160                     0.598117792664                    -0.192199498632
 161                    -0.135414554439                    -0.189346854470
 162                     0.275740224919                    -0.180941848502
 163                    -0.458811354824                    -0.178995050406
 164                     0.685875851926                    -0.173443064254
 165                    -0.047656575466                    -0.170590044438
 166                    -0.782208155209                    -0.168643246342
 167                     0.363498203892                    -0.162185038470
 168                    -0.371053375852                    -0.160238240374
 169                     0.773633750607                    -0.154685878570
 170                     0.040101403506                    -0.151833234406
 171                    -0.694450176237                    -0.149886436310
 172                    -0.943845772891                    -0.146384437942
 173                     0.451256182864                    -0.143428228438
 174                    -0.283295396879                    -0.141481430342
 175                     0.861839348593                    -0.138161554682
 176                     0.127859382479                    -0.133076424375
 177                    -0.606692197264                    -0.131129626278
 178                     0.539014161837                    -0.124671418406
 179                    -0.195537417906                    -0.122724620311
 180                     0.215617361451                    -0.114319614343
 181                     0.948291248596                    -0.114091868734
 182                    -0.518934218292                    -0.112372816247
 183                     0.626772215921                    -0.105914959798
 184                    -0.107779438934                    -0.103967810279
 185                    -0.842331018677                    -0.102021012183
 186                     0.303375340424                    -0.095562804311
 187                    -0.431176239319                    -0.093616006215
 188                     0.714530119782                    -0.087157798343
 189                    -0.020021459961                    -0.085211000247
 190                    -0.754573039705                    -0.083264202151
 191                     0.391133319396                    -0.076805994279
 192                    -0.343418260347                    -0.074859196183
 193                     0.802566575619                    -0.068356964774
 194                     0.067736519011                    -0.066454190215
 195                    -0.666815060732                    -0.064507392119
 196                    -0.921361492144                    -0.059506719768
 197                     0.478891298369                    -0.058049184247
 198                    -0.255660281374                    -0.056102386152
 199                     0.155494497984                    -0.047697380184
 200                    -0.579057081760                    -0.045750582087
 201                     0.566649277342                    -0.039292374216
 202                     0.900646779840                    -0.038043953623
 203                    -0.167902302402                    -0.037345576120
 204                     0.243252476956                    -0.028940570152
 205                    -0.491299102787                    -0.026993772056
 206                     0.654407256314                    -0.020535564184
 207                    -0.080144323429                    -0.018588766088
 208                    -0.834191626801                    -0.012537986873
 209                     0.331010455929                    -0.010183760120
 210                    -0.403541123814                    -0.008236962024
 211                     0.742165235286                    -0.001778754152
 212                     0.007613655543                     0.000168043944
 213                    -0.726937924200                     0.002114842040
 214                     0.418768434901                     0.008573049912
 215                    -0.315783144842                     0.010519848008
 216                     0.829886500598                     0.017149014023
 217                     0.095371634516                     0.018924853976
 218                    -0.639179945227                     0.020871652072
 219                    -0.954834463852                     0.023756963558
 220                     0.506526413874                     0.027329859944
 221                    -0.228025165869                     0.029276658039
 222                     0.954534721523                     0.033715161039
 223                     0.183129613488                     0.037681664007
 224                    -0.551421966255                     0.039628462103
 225                     0.594284392846                     0.046086669975
 226                    -0.140267186897                     0.048033468071
 227                     0.270887592461                     0.056438474039
 228                    -0.463663987282                     0.058385272135
 229                     0.682042371819                     0.064843480007
 230                    -0.052509207924                     0.066790278103
 231                    -0.876798382293                     0.068070062872
 232                    -0.787060787667                     0.068737076199
 233                     0.358645571433                     0.075195284071
 234                    -0.375906008310                     0.077142082167
 235                     0.769763637130                     0.083771248182
 236                     0.035248771048                     0.085547088135
 237                    -0.699302808695                     0.087493886231
 238                     0.446403550406                     0.093952094103
 239                    -0.288148029337                     0.095898892198
 240                     0.858833643007                     0.102164323537
 241                     0.123006750021                     0.104303898166
 242                    -0.611544829722                     0.106250696263
 243                     0.534161529379                     0.112708904134
 244                    -0.200390050365                     0.114655702230
 245                     0.210764728993                     0.123060708198
 246                     0.947157305052                     0.123151476494
 247                    -0.947060171859                     0.123896237045
 248                    -0.523786850750                     0.125007506294
 249                     0.621919508351                     0.131465714166
 250                    -0.112632071392                     0.133412512262
 251                     0.298522707966                     0.141817518230
 252                    -0.436028871777                     0.143764316326
 253                     0.709640773662                     0.150393482341
 254                    -0.024874092419                     0.152169322294
 255                    -0.765983781432                     0.156207829991
 256                    -0.860990270143                     0.156406829771
 257                     0.386280686938                     0.160574328262
 258                    -0.348270892805                     0.162521126358
 259                     0.797398752635                     0.169150292373
 260                     0.062883886553                     0.170926132326
 261                    -0.671667693190                     0.172872930422
 262                     0.474038665911                     0.179331138294
 263                    -0.260512913832                     0.181277936389
 264                     0.885134887278                     0.188009016451
 265                     0.150641865526                     0.189682942357
 266                    -0.583909714218                     0.191629740454
 267                     0.561796644883                     0.198087948326
 268                    -0.172754934860                     0.200034746421
 269                     0.238399844498                     0.208439752389
 270                    -0.496151735245                     0.210386550485
 271                    -0.931252059709                     0.212233003944
 272                     0.649517910195                     0.217015716500
 273                    -0.084996955887                     0.218791556453
 274                     0.326157823471                     0.227196562421
 275                    -0.408393756273                     0.229143360517
 276                     0.737275889167                     0.235772526531
 277                    -0.821495622979                     0.236988798234
 278                     0.002761023085                     0.237548366485
 279                    -0.731790556658                     0.239495164581
 280                     0.413915802443                     0.245953372453
 281                    -0.320635777300                     0.247900170549
 282                     0.090519002058                     0.256305176516
 283                     0.827135322846                     0.256487708916
 284                    -0.644032577685                     0.258251974613
 285                     0.501673781416                     0.264710182485
 286                    -0.232877798327                     0.266656980580
 287                     0.915439392354                     0.272477458890
 288                     0.178276981030                     0.275061986548
 289                    -0.556274598713                     0.277008784645
 290                     0.589395046727                     0.283637950659
 291                    -0.145119819355                     0.285413790612
 292                     0.266034960003                     0.293818796580
 293                    -0.468516619740                     0.295765594676
 294                    -0.907223127365                     0.298696240099
 295                     0.677153025700                     0.302394760691
 296                    -0.057361840382                     0.304170600644
 297                     0.353792938975                     0.312575606612
 298                    -0.380758640768                     0.314522404708
 299                     0.764911004672                     0.321151570722
 300                     0.030396138590                     0.322927410676
 301                    -0.708348427702                     0.326345655413
 302                    -0.821973355225                     0.326727600141
 303                     0.441550917948                     0.331332416644
 304                    -0.293000661795                     0.333279214739
 305                     0.118154117563                     0.341684220708
 306                    -0.616397462180                     0.343631018804
 307                     0.529272183259                     0.350260184818
 308                    -0.205242682822                     0.352036024771
 309                     0.885826183602                     0.357190732132
 310                     0.205912096535                     0.360441030739
 311                    -0.528639483208                     0.362387828835
 312                     0.617030162232                     0.369016994850
 313                    -0.117484703850                     0.370792834803
 314                     0.293670075508                     0.379197840771
 315                    -0.440881504235                     0.381144638867
 316                     0.706246705356                     0.389086459503
 317                    -0.029726724877                     0.389549644835
 318                    -0.765151020225                     0.396186242808
 319                     0.381428054480                     0.397954650803
 320                    -0.353123525263                     0.399901448899
 321                     0.807138279983                     0.400335773792
 322                    -0.864713415144                     0.405638220966
 323                     0.058031254095                     0.408306454867
 324                    -0.676520325648                     0.410253252963
 325                     0.469149319792                     0.416882418977
 326                    -0.265365546290                     0.418658258931
 327                     0.145789233068                     0.427063264899
 328                    -0.588762346676                     0.429010062995
 329                     0.556896278467                     0.435690716057
 330                    -0.177607567318                     0.437415068962
 331                     0.233547212040                     0.445820074931
 332                    -0.501004367703                     0.447766873026
 333                     0.644665243809                     0.454396050023
 334                    -0.089849588345                     0.456171878994
 335                     0.321305191013                     0.464576884962
 336                    -0.413246388730                     0.466523683058
 337                    -0.002091609373                     0.474928689026
 338                     0.731452489984                     0.477227053005
 339                    -0.733181035733                     0.480038499113
 340                     0.409026456324                     0.483504653137
 341                    -0.822825794506                     0.485004503623
 342                    -0.325488409758                     0.485280493090
 343                     0.820405041810                     0.489089781175
 344                     0.085666369600                     0.493685499058
 345                    -0.645387748992                     0.498629346303
 346                     0.498280497746                     0.503642692087
 347                    -0.237730430785                     0.504037303122
 348                     0.173424348573                     0.512442309090
 349                    -0.149972451813                     0.522794113153
 350                     0.591250883662                     0.527121641309
 351                     0.261182327545                     0.531199119122
 352                    -0.473369252198                     0.533145917217
 353                    -0.563100071832                     0.534434638976
 354                    -0.062214472840                     0.541550923185
 355                     0.348903592857                     0.550126887296
 356                     0.681929218268                     0.552065053743
 357                    -0.386507903966                     0.556720677514
 358                    -0.773636800961                     0.560142255927
 359                     0.025543506132                     0.560307733217
 360                     0.770881770094                     0.563927781913
 361                     0.436661571829                     0.568883697327
 362                    -0.297853294253                     0.570659537281
 363                    -0.685843514220                     0.578733103117
 364                     0.113301485105                     0.579064543249
 365                     0.526191243867                     0.588932029328
 366                    -0.210095315281                     0.589416347312
 367                     0.201059464077                     0.597821353281
 368                    -0.122337336308                     0.608173157344
 369                    -0.517118596233                     0.611499447402
 370                     0.288780729389                     0.616749121455
 371                     0.620484488479                     0.617470145113
 372                    -0.606407672516                     0.620485083294
 373                    -0.034579357335                     0.626929967376
 374                     0.376538708361                     0.635505931487
 375                     0.710160297750                     0.638690504099
 376                    -0.352443139945                     0.641886144271
 377                     0.053178621637                     0.645686777408
 378                     0.464296687334                     0.654262741518
 379                    -0.440641088480                     0.658451248259
 380                    -0.264685160972                     0.660642954302
 381                     0.140936600610                     0.664443587440
 382                    -0.682283868860                     0.668402550092
 383                     0.551608519094                     0.674997370295
 384                    -0.176927182000                     0.679399764334
 385                     0.228657865921                     0.683371355614
 386                    -0.089169203027                     0.698156574366
 387                    -0.531771541515                     0.700035157657
 388                     0.316415844894                     0.702128165646
 389                     0.646041139876                     0.703494202012
 390                    -0.001411224055                     0.716913384398
 391                     0.404173823866                     0.720884975677
 392                    -0.324808024440                     0.727265188461
 393                    -0.616541356117                     0.729486122468
 394                     0.086346754918                     0.735670194430
 395                    -0.237050045467                     0.746021998493
 396                    -0.455294033762                     0.746986958514
 397                     0.487730960337                     0.753618532475
 398                     0.174068020230                     0.754597962604
 399                     0.577165170490                     0.761021427194
 400                    -0.149807643079                     0.767110521257
 401                     0.261825999202                     0.773354772636
 402                    -0.061534087522                     0.783535618557
 403                    -0.537408832995                     0.789597994485
 404                     0.349583978175                     0.792111582667
 405                    -0.379810858330                     0.798173361896
 406                     0.026223891450                     0.802292428589
 407                    -0.292052879358                     0.816930171929
 408                     0.113945156762                     0.821220196763
 409                    -0.460931325242                     0.836549795342
 410                     0.457852738035                     0.838238699268
 411                     0.201219964360                     0.842110116692
 412                    -0.119848044094                     0.851746785274
 413                    -0.209586277813                     0.852321419795
 414                     0.289403365868                     0.858752487146
 415                    -0.032090065121                     0.870503595306
 416                     0.377161344841                     0.877509297178
 417                    -0.358424261821                     0.885327789699
 418                     0.066458011487                     0.897366449655
 419                    -0.273752319296                     0.915058967693
 420                     0.230898949521                     0.926800367817
 421                    -0.181817725050                     0.937658111174
 422                    -0.092078253622                     0.939560377252
 423                     0.142897594698                     0.944379968077
 424                    -0.002222086826                     0.955127378419
