   1                    -0.029313142867                    -0.955303963100
   2                     0.143329682221                    -0.944945249448
   3                    -0.163536142948                    -0.941658564560
   4                     0.055883350479                    -0.931376213873
   5                     0.276887452383                    -0.914766779552
   6                    -0.244968593517                    -0.907021364095
   7                    -0.332766465510                    -0.895952789879
   8                    -0.090631756120                    -0.891499517093
   9                     0.356409339033                    -0.875943472052
  10                     0.197750585583                    -0.875164557713
  11                    -0.006761582904                    -0.863154724307
  12                     0.110304253840                    -0.861595522139
  13                    -0.414207038636                    -0.861334691861
  14                    -0.174255672714                    -0.853817393443
  15                     0.440446342320                    -0.848216919070
  16                     0.283026425154                    -0.826487151807
  17                    -0.492096685158                    -0.819332517795
  18                    -0.253392539515                    -0.814215171604
  19                    -0.341660312051                    -0.807908033333
  20                    -0.101351285886                    -0.803658345976
  21                     0.522071560645                    -0.800566179541
  22                     0.050887727994                    -0.796016134235
  23                     0.203889558353                    -0.786884929968
  24                     0.356891388713                    -0.777753725701
  25                    -0.565767670362                    -0.770306345185
  26                    -0.180488152687                    -0.764056124137
  27                     0.443539290339                    -0.759778164363
  28                    -0.027486322327                    -0.754924919870
  29                     0.593878356710                    -0.748848061820
  30                     0.124752691553                    -0.747282708129
  31                    -0.403779339266                    -0.744882593077
  32                     0.277754521913                    -0.738151503862
  33                    -0.260389054911                    -0.725991156332
  34                    -0.489937701564                    -0.724690607839
  35                    -0.106623189127                    -0.715322698031
  36                    -0.634588425401                    -0.714676467086
  37                     0.046378641232                    -0.706191493764
  38                     0.198617655112                    -0.698549282023
  39                     0.498615113329                    -0.690513213749
  40                     0.351619485472                    -0.689418077756
  41                    -0.338761886288                    -0.684851680459
  42                     0.667645893545                    -0.683894642055
  43                    -0.185760055928                    -0.675720476192
  44                    -0.558758456603                    -0.669060729740
  45                    -0.032758225568                    -0.666589271925
  46                     0.582092106268                    -0.661143649376
  47                    -0.426405901988                    -0.658995865761
  48                     0.120243604791                    -0.657458067658
  49                     0.272482618671                    -0.649815855917
  50                     0.425484449031                    -0.640684651650
  51                    -0.264896922729                    -0.636118254353
  52                    -0.111895092369                    -0.626987050086
  53                    -0.640882011683                    -0.626407727244
  54                    -0.728983980315                    -0.618099732005
  55                     0.041106737991                    -0.617855845819
  56                     0.729523793414                    -0.617462514735
  57                     0.194108568350                    -0.608724641552
  58                    -0.497035619888                    -0.605647236779
  59                     0.505229569594                    -0.602227526920
  60                     0.346347582230                    -0.601082429811
  61                     0.643360615376                    -0.597291089104
  62                    -0.344033789529                    -0.596516032514
  63                    -0.191031959169                    -0.587384828247
  64                    -0.038030128810                    -0.578253623980
  65                     0.114971701550                    -0.569122419713
  66                    -0.576172486689                    -0.566045014941
  67                     0.267973531909                    -0.559991215446
  68                    -0.423170656329                    -0.556913810673
  69                     0.420212545789                    -0.552349003705
  70                    -0.783027486164                    -0.548026348063
  71                    -0.270168825970                    -0.547782606408
  72                     0.573032026725                    -0.543580109966
  73                    -0.117166995610                    -0.538651402141
  74                     0.750940692558                    -0.531600438749
  75                     0.035834834749                    -0.529520197874
  76                    -0.675468554144                    -0.525360063650
  77                     0.188836665109                    -0.520388993607
  78                    -0.502307523130                    -0.517311588835
  79                     0.341838495469                    -0.511257789340
  80                     0.654711393446                    -0.509529255150
  81                    -0.349305692770                    -0.508180384567
  82                     0.494077509348                    -0.503615577599
  83                    -0.196303862411                    -0.499049180302
  84                    -0.043302032051                    -0.489917976035
  85                     0.824805656116                    -0.482867012642
  86                     0.109699798308                    -0.480786771768
  87                    -0.581444389931                    -0.477709366996
  88                     0.262701628668                    -0.471655567501
  89                    -0.832056434696                    -0.470262705029
  90                    -0.743575463003                    -0.468814495856
  91                    -0.428442559571                    -0.468578162729
  92                     0.415703459027                    -0.462524363234
  93                    -0.275440729211                    -0.459446958462
  94                     0.568165068317                    -0.455221225990
  95                    -0.122438898852                    -0.450315754196
  96                     0.719245088197                    -0.448978599470
  97                     0.030562931508                    -0.441184549929
  98                    -0.660581256731                    -0.438107145157
  99                     0.183564761867                    -0.432053345662
 100                    -0.507579426372                    -0.428975940890
 101                     0.336566592227                    -0.422922141395
 102                    -0.354577596012                    -0.419844736623
 103                     0.489790894116                    -0.414129821079
 104                    -0.201575765652                    -0.410713532356
 105                     0.641806452695                    -0.406150601698
 106                    -0.048573935293                    -0.401582328090
 107                     0.793110051756                    -0.400245173364
 108                     0.104427895067                    -0.392451123823
 109                    -0.871984637254                    -0.391289809032
 110                    -0.783503665561                    -0.389841599859
 111                    -0.586716293172                    -0.389373719051
 112                     0.257429725426                    -0.383319919556
 113                    -0.433714462813                    -0.380242514784
 114                     0.878402477141                    -0.376661665705
 115                     0.410431555786                    -0.374188715289
 116                    -0.280712632453                    -0.371111310517
 117                     0.563433386146                    -0.365057511023
 118                    -0.127710802093                    -0.361980106250
 119                     0.715671416254                    -0.357417175591
 120                     0.025291028266                    -0.352848901984
 121                    -0.665853159973                    -0.349771497212
 122                     0.178292858626                    -0.343717697717
 123                    -0.512851329613                    -0.340640292945
 124                     0.331294688986                    -0.334586493450
 125                    -0.359849499254                    -0.331509088678
 126                     0.484296519345                    -0.325455289183
 127                    -0.206847668894                    -0.322377884411
 128                     0.637298349705                    -0.316324084916
 129                    -0.053845838534                    -0.313246680144
 130                    -0.833470998467                    -0.311617484546
 131                    -0.744990026774                    -0.310169275373
 132                     0.789536379813                    -0.308683749486
 133                     0.099155991825                    -0.304115475878
 134                    -0.591988196414                    -0.301038071106
 135                     0.252157822185                    -0.294984271611
 136                    -0.438986366054                    -0.291906866839
 137                     0.875628774119                    -0.288212322954
 138                     0.405159652545                    -0.285853067344
 139                    -0.285984535694                    -0.282775662572
 140                    -0.914807024325                    -0.276754458871
 141                     0.558161482904                    -0.276721863077
 142                    -0.132982705335                    -0.273644458305
 143                     0.711163313264                    -0.267590658811
 144                     0.020019125025                    -0.264513254038
 145                    -0.671125063215                    -0.261435849267
 146                     0.173020955384                    -0.255382049772
 147                    -0.518123232855                    -0.252304645000
 148                     0.326022785744                    -0.246250845505
 149                    -0.365121402495                    -0.243173440733
 150                     0.479024616104                    -0.237119641238
 151                    -0.212119572135                    -0.234042236466
 152                     0.632026446464                    -0.227988436971
 153                    -0.059117741776                    -0.224911032199
 154                    -0.838742901709                    -0.223281836602
 155                    -0.750261930016                    -0.221833627429
 156                     0.785940110892                    -0.220199460940
 157                     0.930394709974                    -0.218702093984
 158                     0.093884088584                    -0.215779827932
 159                    -0.597260099656                    -0.212702423161
 160                     0.246885918943                    -0.206648623666
 161                    -0.444258269296                    -0.203571218894
 162                     0.399887749303                    -0.197517419399
 163                    -0.291256438936                    -0.194440014627
 164                    -0.936482886470                    -0.190957392127
 165                     0.552889579663                    -0.188386215132
 166                    -0.138254608576                    -0.185308810360
 167                     0.705891410023                    -0.179255010866
 168                     0.014747221784                    -0.176177606093
 169                    -0.676396966457                    -0.173100201323
 170                     0.167749052143                    -0.167046401826
 171                    -0.523395136097                    -0.163968997055
 172                     0.861444651244                    -0.163232561241
 173                     0.320750882503                    -0.157915197560
 174                    -0.370393305737                    -0.154837792788
 175                     0.473752712862                    -0.148783993293
 176                    -0.217391475377                    -0.145706588521
 177                     0.626754543222                    -0.139652789027
 178                    -0.865010897449                    -0.138777564157
 179                    -0.064389645017                    -0.136575384254
 180                    -0.776748377342                    -0.132223522187
 181                     0.946634563459                    -0.131710762755
 182                     0.779421651163                    -0.130017999386
 183                     0.088612185342                    -0.127444179987
 184                    -0.602532002897                    -0.124366775217
 185                     0.241614015702                    -0.118312975720
 186                    -0.449530172538                    -0.115235570950
 187                     0.394615846062                    -0.109181771454
 188                    -0.296528342178                    -0.106104366682
 189                    -0.950332605549                    -0.101640835440
 190                     0.547617676422                    -0.100050567187
 191                    -0.143526511818                    -0.096973162415
 192                     0.700284784363                    -0.090415777547
 193                     0.009475318542                    -0.087841958148
 194                    -0.681668869698                    -0.084764553378
 195                     0.162477148902                    -0.078710753881
 196                    -0.528667039339                    -0.075633349111
 197                     0.872194534534                    -0.075395099581
 198                     0.315478979262                    -0.069579549614
 199                    -0.375665208979                    -0.066502144844
 200                     0.468480809621                    -0.060448345348
 201                    -0.222663378619                    -0.057370940577
 202                    -0.849054113950                    -0.051735271437
 203                     0.621147917563                    -0.050813555709
 204                    -0.069661548259                    -0.048239736309
 205                    -0.760805736499                    -0.045162331539
 206                     0.954760658749                    -0.043554641141
 207                     0.775379962348                    -0.041616781408
 208                     0.083340282101                    -0.039108532042
 209                    -0.607803906139                    -0.036031127272
 210                     0.236342112461                    -0.029977327775
 211                    -0.454802075779                    -0.026899923005
 212                     0.389343942821                    -0.020846123509
 213                    -0.301800245419                    -0.017768718738
 214                    -0.955659908111                    -0.013306413048
 215                     0.542011050762                    -0.011211333870
 216                    -0.148798415060                    -0.008637514471
 217                     0.695012881123                    -0.002080129603
 218                     0.004203415300                     0.000493689796
 219                    -0.686940772940                     0.003571094567
 220                     0.157205245660                     0.009624894064
 221                     0.849483730018                     0.010133837159
 222                    -0.533938942580                     0.012702298834
 223                     0.310207076020                     0.018756098330
 224                    -0.380937112220                     0.021833503101
 225                     0.462874183962                     0.028390887969
 226                    -0.227935281860                     0.030964707368
 227                    -0.875064619681                     0.032848611503
 228                     0.615876014322                     0.037522092236
 229                    -0.074933451501                     0.040095911635
 230                    -0.786988071734                     0.041671360254
 231                     0.954696540367                     0.044938158286
 232                     0.768877844682                     0.046653296503
 233                     0.078068378859                     0.049227115902
 234                    -0.613075809381                     0.052304520673
 235                     0.231070209219                     0.058358320169
 236                    -0.460073979021                     0.061435724940
 237                     0.383737317161                     0.067993109808
 238                    -0.307072148661                     0.070566929207
 239                    -0.952794919684                     0.075144948496
 240                     0.536739147521                     0.077124314075
 241                    -0.154070318301                     0.079698133474
 242                     0.689740977881                     0.086255518342
 243                    -0.001068487941                     0.088829337741
 244                    -0.692212676182                     0.091906742512
 245                     0.880420537693                     0.093042784761
 246                     0.151933342419                     0.097960542008
 247                    -0.539210845822                     0.101037946779
 248                     0.304600450361                     0.107595331647
 249                    -0.386209015462                     0.110169151046
 250                     0.457602280721                     0.116726535914
 251                    -0.233207185102                     0.119300355313
 252                    -0.860614604177                     0.120153689897
 253                     0.610604111081                     0.125857740181
 254                    -0.080205354742                     0.128431559580
 255                    -0.772563463049                     0.128984103682
 256                     0.763605941440                     0.134988944448
 257                     0.072796475618                     0.137562763847
 258                    -0.618347712622                     0.140640168617
 259                     0.225463583560                     0.147197553486
 260                    -0.465345882262                     0.149771372885
 261                     0.943000709049                     0.155610362744
 262                     0.378465413920                     0.156328757753
 263                    -0.312344051903                     0.158902577152
 264                    -0.941760665825                     0.162947140401
 265                     0.531467244280                     0.165459962020
 266                    -0.159342221543                     0.168033781419
 267                     0.843333108422                     0.173388925003
 268                     0.684469074640                     0.174591166287
 269                    -0.006340391183                     0.177164985686
 270                    -0.697484579423                     0.180242390456
 271                     0.146326716760                     0.186799775324
 272                    -0.544482749063                     0.189373594724
 273                     0.299328547119                     0.195930979592
 274                    -0.391480918703                     0.198504798991
 275                     0.452330377479                     0.205062183859
 276                    -0.238479088343                     0.207636003258
 277                    -0.865886507418                     0.208489337842
 278                     0.605332207839                     0.214193388126
 279                    -0.085477257984                     0.216767207525
 280                    -0.777835366290                     0.217319751627
 281                     0.758334038199                     0.223324592393
 282                     0.067189849959                     0.226401997163
 283                    -0.623619615864                     0.228975816562
 284                     0.220191680319                     0.235533201431
 285                    -0.470617785504                     0.238107020829
 286                     0.924566166399                     0.242161776938
 287                     0.373193510678                     0.244664405698
 288                    -0.317615955144                     0.247238225097
 289                     0.526195341038                     0.253795609965
 290                    -0.164614124784                     0.256369429364
 291                     0.838061205181                     0.261724572947
 292                     0.679197171398                     0.262926814232
 293                    -0.011947016841                     0.266004219001
 294                    -0.703563334769                     0.268531790225
 295                     0.141054813518                     0.275135423270
 296                    -0.549754652305                     0.277709242668
 297                    -0.912715446662                     0.283576155000
 298                     0.294056643878                     0.284266627537
 299                    -0.396752821945                     0.286840446936
 300                    -0.824664305534                     0.292406568785
 301                     0.447058474238                     0.293397831804
 302                    -0.243750991585                     0.295971651203
 303                     0.600060304597                     0.302529036071
 304                    -0.091083883642                     0.305606440840
 305                     0.764939377377                     0.311575481236
 306                     0.061917946717                     0.314737645109
 307                    -0.628891519105                     0.317311464507
 308                     0.214919777077                     0.323868849376
 309                    -0.475889688745                     0.326442668774
 310                     0.898205475007                     0.326637179340
 311                     0.367921607437                     0.333000053643
 312                    -0.322887858386                     0.335573873041
 313                     0.520923437797                     0.342131257910
 314                    -0.170220750442                     0.345208662679
 315                     0.673925268157                     0.351262462177
 316                    -0.017218920084                     0.354339866948
 317                    -0.708028385906                     0.356913686346
 318                     0.135782910276                     0.363471071215
 319                    -0.555026555546                     0.366044890613
 320                    -0.882575123845                     0.366777961484
 321                     0.288784740636                     0.372602275482
 322                    -0.402024725186                     0.375176094880
 323                    -0.794523982716                     0.375608375268
 324                     0.441786570996                     0.381733479749
 325                    -0.249357617243                     0.384810884517
 326                     0.835622261604                     0.389201714515
 327                     0.594788401356                     0.390864684016
 328                    -0.096355786884                     0.393942088787
 329                     0.747790231716                     0.399995888283
 330                     0.056646043476                     0.403073293054
 331                    -0.634163422347                     0.405647112452
 332                     0.209647873835                     0.412204497320
 333                    -0.481161591987                     0.414778316719
 334                     0.362649704195                     0.421335701587
 335                    -0.328494484043                     0.424413106356
 336                     0.515651534555                     0.430466905854
 337                    -0.175492653685                     0.433544310625
 338                     0.668653364915                     0.439598110121
 339                    -0.022490823325                     0.442675514892
 340                    -0.843583321231                     0.449257278628
 341                     0.130511007035                     0.451806719159
 342                    -0.560298458788                     0.454380538558
 343                    -0.719591987992                     0.456387997904
 344                     0.283512837394                     0.460937923426
 345                    -0.407631350844                     0.464015328195
 346                     0.436514667754                     0.470069127693
 347                    -0.254629520486                     0.473146532464
 348                     0.828001697744                     0.477365803962
 349                     0.589516498114                     0.479200331961
 350                    -0.101627690126                     0.482277736731
 351                     0.740587323282                     0.491139213090
 352                     0.051374140234                     0.491408940998
 353                    -0.639435325588                     0.493982760397
 354                     0.204375970594                     0.500540145265
 355                    -0.486768217644                     0.503617550033
 356                     0.357377800953                     0.509671349532
 357                    -0.333766387286                     0.512748754303
 358                     0.510379631313                     0.518802553799
 359                    -0.180764556926                     0.521879958570
 360                    -0.798415429461                     0.525354855558
 361                     0.661450456482                     0.530741434929
 362                    -0.027762726567                     0.531011162837
 363                     0.125239103793                     0.540142367104
 364                    -0.565905084445                     0.543219771872
 365                    -0.712036210418                     0.544580104038
 366                     0.278240934153                     0.549273571371
 367                    -0.412903254087                     0.552350976142
 368                     0.431242764513                     0.558404775638
 369                    -0.259901423727                     0.561482180409
 370                    -0.106899593367                     0.570613384676
 371                     0.761910426500                     0.577024630541
 372                     0.046102236992                     0.579744588943
 373                     0.590373479659                     0.583458064451
 374                     0.199104067352                     0.588875793210
 375                     0.352105897712                     0.598006997477
 376                    -0.634178428772                     0.599520128141
 377                    -0.339038290528                     0.601084402248
 378                    -0.499298091658                     0.605273012396
 379                     0.505107728071                     0.607138201744
 380                    -0.186036460168                     0.610215606515
 381                     0.682773559699                     0.616626852380
 382                    -0.033034629808                     0.619346810782
 383                     0.119967200552                     0.628478015049
 384                    -0.716101876590                     0.632979481978
 385                     0.272969030911                     0.637609219316
 386                    -0.418175157329                     0.640686624087
 387                    -0.265173326969                     0.649817828354
 388                     0.431482017748                     0.656247798812
 389                    -0.112171496609                     0.658949032621
 390                    -0.572564452454                     0.663039397531
 391                     0.040830333751                     0.668080236888
 392                     0.568243289516                     0.669145302489
 393                     0.193832164111                     0.677211441155
 394                     0.346833994471                     0.686342645422
 395                    -0.344619203612                     0.689885653799
 396                    -0.489380689173                     0.693229481797
 397                    -0.654487900272                     0.696498751368
 398                    -0.191308363410                     0.698551254460
 399                     0.651412244326                     0.699376157873
 400                    -0.038306533050                     0.707682458727
 401                     0.114695297310                     0.716813662994
 402                     0.500038025318                     0.725528115449
 403                     0.267697127670                     0.725944867261
 404                    -0.270445230210                     0.738153476299
 405                     0.413588692469                     0.744435587822
 406                    -0.117443399851                     0.747284680566
 407                    -0.585045179387                     0.755767860309
 408                     0.035558430509                     0.756415884833
 409                     0.583922144168                     0.756635906975
 410                    -0.435428050241                     0.763372852218
 411                     0.188560260869                     0.765547089100
 412                    -0.348486995573                     0.779872327203
 413                    -0.196580266651                     0.786886902404
 414                    -0.043578436291                     0.796018106672
 415                     0.109423394068                     0.805149310938
 416                     0.350581791595                     0.806573419325
 417                    -0.512634380308                     0.806640510218
 418                     0.500840045977                     0.814017303628
 419                     0.262425224428                     0.814280515206
 420                    -0.274622032014                     0.828605753308
 421                    -0.122715303092                     0.835620328510
 422                     0.030286527268                     0.844751532777
 423                    -0.433393191494                     0.851842276379
 424                     0.183288357627                     0.853882737044
 425                     0.423404527570                     0.856850937032
 426                    -0.348601097809                     0.877165793318
 427                    -0.048850339533                     0.884353754616
 428                     0.337664392018                     0.894118381772
 429                    -0.182547501053                     0.900820694681
 430                     0.250812271072                     0.911079771712
 431                     0.082573481821                     0.916145188274
 432                    -0.269557336654                     0.916953523640
 433                     0.167516229306                     0.940958678784
 434                    -0.108682537494                     0.949554120787
 435                     0.003436615020                     0.955747410113
