   1                     0.043796977422                    -0.955054611723
   2                    -0.050207495328                    -0.954759617357
   3                    -0.137624114590                    -0.946121727161
   4                     0.137744552170                    -0.946104200323
   5                    -0.248110980345                    -0.923324244756
   6                     0.284365180788                    -0.912810584666
   7                     0.200992892490                    -0.885145805357
   8                    -0.365358186816                    -0.883515769440
   9                     0.366943364254                    -0.882858588310
  10                    -0.004039760910                    -0.880027972326
  11                     0.083744013742                    -0.876820578020
  12                    -0.091456380172                    -0.871390082130
  13                    -0.179259750444                    -0.868773473804
  14                    -0.444905818893                    -0.846253822347
  15                    -0.286699736101                    -0.844411721038
  16                     0.491015438526                    -0.820360017707
  17                     0.313275146363                    -0.810816662133
  18                     0.404789290207                    -0.803587128382
  19                     0.136791125489                    -0.802644893392
  20                    -0.520697770992                    -0.801848209330
  21                     0.225120857993                    -0.800682086808
  22                    -0.042399050635                    -0.798347206312
  23                     0.045561670951                    -0.797710609183
  24                    -0.366415903136                    -0.795679787596
  25                    -0.130045073628                    -0.792477527948
  26                    -0.217848506200                    -0.789860950087
  27                    -0.592094244068                    -0.750673781122
  28                     0.537183115317                    -0.745628337076
  29                    -0.431144670623                    -0.736295739822
  30                     0.450956966998                    -0.728855447751
  31                     0.359091907074                    -0.728566946797
  32                     0.271288534784                    -0.725950406178
  33                     0.179532720036                    -0.725595469173
  34                     0.622687687077                    -0.725497597436
  35                     0.091729347746                    -0.722978928554
  36                     0.003925975454                    -0.720362387933
  37                    -0.083877396836                    -0.717745847317
  38                    -0.171680769126                    -0.715129306697
  39                    -0.259548820638                    -0.712547547328
  40                    -0.347352192928                    -0.709931006710
  41                    -0.514686827133                    -0.709148243513
  42                    -0.637851846637                    -0.675690314428
  43                     0.508595789407                    -0.662567857498
  44                     0.691884913011                    -0.659834817716
  45                     0.405259583866                    -0.653835266166
  46                     0.317456211575                    -0.651218725546
  47                     0.225700396828                    -0.650863788542
  48                     0.137897024538                    -0.648247247923
  49                     0.050093652248                    -0.645630707303
  50                    -0.037709720044                    -0.643014166682
  51                    -0.125513092334                    -0.640397626066
  52                     0.606510837006                    -0.639157641494
  53                    -0.213316464624                    -0.637781085446
  54                    -0.301119836914                    -0.635164544828
  55                    -0.715345013455                    -0.634325020196
  56                    -0.388923209204                    -0.632548004209
  57                    -0.476726581494                    -0.629931463590
  58                    -0.564529953784                    -0.627314922970
  59                     0.754102125442                    -0.587715352956
  60                     0.540813454045                    -0.580846987731
  61                     0.452907805958                    -0.580038230404
  62                     0.363623888366                    -0.576487044916
  63                     0.271868073619                    -0.576132107911
  64                     0.667104834895                    -0.575560110959
  65                     0.184064701329                    -0.573515567291
  66                     0.096261329039                    -0.570899026672
  67                     0.008457956749                    -0.568282486053
  68                    -0.079345415542                    -0.565665945433
  69                    -0.167148787832                    -0.563049404815
  70                    -0.254952160122                    -0.560432864195
  71                    -0.342755532412                    -0.557816323576
  72                    -0.430558904702                    -0.555199782958
  73                    -0.518362276992                    -0.552583242339
  74                    -0.781838394018                    -0.550286693608
  75                    -0.606165649282                    -0.549966701720
  76                    -0.694003865403                    -0.549114493440
  77                     0.600217010564                    -0.516014368203
  78                     0.803884159506                    -0.515282062906
  79                     0.497594937447                    -0.504371904903
  80                     0.409791565158                    -0.501755364284
  81                     0.318035750410                    -0.501400427279
  82                     0.230232378120                    -0.498783886660
  83                     0.142429005831                    -0.496167346041
  84                     0.054625633541                    -0.493550805421
  85                     0.695544076106                    -0.492448811911
  86                    -0.033177738749                    -0.490934264802
  87                    -0.120981111040                    -0.488317724182
  88                    -0.208784483330                    -0.485701183564
  89                    -0.296587855620                    -0.483084642944
  90                    -0.384391227910                    -0.480468102326
  91                    -0.472194600200                    -0.477851561707
  92                    -0.829044156497                    -0.476206369236
  93                    -0.559997972490                    -0.475235021088
  94                    -0.647801344780                    -0.472618480469
  95                    -0.735639560901                    -0.471766272189
  96                     0.850031534366                    -0.437644958962
  97                     0.762221527592                    -0.435261436261
  98                     0.631565986529                    -0.432256764892
  99                     0.543762614239                    -0.429640224273
 100                     0.455959241949                    -0.427023683653
 101                     0.364203427202                    -0.426668746648
 102                     0.276400054912                    -0.424052206029
 103                     0.188596682622                    -0.421435665410
 104                     0.100793310332                    -0.418819124790
 105                     0.012989938042                    -0.416202584171
 106                    -0.074813434248                    -0.413586043551
 107                    -0.162616806538                    -0.410969502932
 108                    -0.250420178828                    -0.408352962313
 109                    -0.338223551118                    -0.405736421694
 110                    -0.426026923408                    -0.403119881075
 111                    -0.513830295698                    -0.400503340457
 112                    -0.785872928330                    -0.399704581486
 113                    -0.601633667988                    -0.397886799838
 114                    -0.690797602805                    -0.396017579013
 115                    -0.873871059715                    -0.387846502020
 116                     0.693949975336                    -0.369795686505
 117                     0.589930291030                    -0.354908543641
 118                     0.502126918740                    -0.352292003022
 119                     0.410371103993                    -0.351937066017
 120                     0.869201096391                    -0.351919779685
 121                     0.781090251003                    -0.349469538350
 122                     0.322567731703                    -0.349320525398
 123                     0.234764359413                    -0.346703984778
 124                     0.146960987124                    -0.344087444159
 125                     0.059157614834                    -0.341470903539
 126                    -0.028645757456                    -0.338854362920
 127                    -0.116449129746                    -0.336237822301
 128                    -0.204252502036                    -0.333621281681
 129                    -0.292055874326                    -0.331004741062
 130                    -0.379859246616                    -0.328388200442
 131                    -0.467662618905                    -0.325771659823
 132                    -0.555465991195                    -0.323155119205
 133                    -0.643269363484                    -0.320538578585
 134                    -0.818914214801                    -0.318313231463
 135                    -0.731072735774                    -0.317922037966
 136                    -0.905858987492                    -0.305787858333
 137                     0.723901340111                    -0.282793403630
 138                     0.636097967821                    -0.280176863010
 139                     0.548294595532                    -0.277560322391
 140                     0.456538780785                    -0.277205385386
 141                     0.915071017228                    -0.277004969182
 142                     0.827257927794                    -0.274737857719
 143                     0.368735408495                    -0.274588844766
 144                     0.280932036205                    -0.271972304147
 145                     0.193128663915                    -0.269355763528
 146                     0.105325291625                    -0.266739222908
 147                     0.017521919335                    -0.264122682289
 148                    -0.070281452955                    -0.261506141669
 149                    -0.158084825245                    -0.258889601050
 150                    -0.245888197534                    -0.256273060430
 151                    -0.333691569824                    -0.253656519811
 152                    -0.421494942114                    -0.251039979192
 153                    -0.509298314404                    -0.248423438573
 154                    -0.597101686694                    -0.245806897953
 155                    -0.684905058984                    -0.243190357334
 156                    -0.773315361648                    -0.240902987694
 157                    -0.879684828335                    -0.221935655841
 158                     0.770069016903                    -0.208061722998
 159                     0.682265644613                    -0.205445182379
 160                     0.594462272323                    -0.202828641759
 161                     0.502706457576                    -0.202473704754
 162                     0.414903085286                    -0.199857164135
 163                     0.874435172250                    -0.199126817091
 164                     0.327099712996                    -0.197240623516
 165                     0.239296340706                    -0.194624082896
 166                     0.151492968416                    -0.192007542277
 167                     0.063689596126                    -0.189391001657
 168                    -0.024113776163                    -0.186774461038
 169                    -0.111917148453                    -0.184157920418
 170                    -0.199720520743                    -0.181541379799
 171                    -0.287523893033                    -0.178924839180
 172                    -0.375327265323                    -0.176308298560
 173                    -0.463130637613                    -0.173691757941
 174                    -0.550934009903                    -0.171075217322
 175                    -0.638737382193                    -0.168458676702
 176                    -0.726540754482                    -0.165842136083
 177                    -0.814344126772                    -0.163225595463
 178                    -0.942504639756                    -0.160535739202
 179                     0.944784599236                    -0.146522286934
 180                     0.816236693694                    -0.133330042367
 181                     0.728433321404                    -0.130713501747
 182                     0.640629949114                    -0.128096961128
 183                     0.548874134367                    -0.127742024123
 184                     0.461070762077                    -0.125125483504
 185                     0.373267389788                    -0.122508942884
 186                     0.285464017498                    -0.119892402265
 187                     0.197660645208                    -0.117275861646
 188                     0.109857272918                    -0.114659321026
 189                     0.022053900628                    -0.112042780407
 190                    -0.065749471662                    -0.109426239787
 191                    -0.153552843952                    -0.106809699168
 192                    -0.241356216242                    -0.104193158549
 193                    -0.329159588531                    -0.101576617929
 194                    -0.416962960821                    -0.098960077310
 195                    -0.504766333111                    -0.096343536690
 196                    -0.592569705401                    -0.093726996071
 197                    -0.680373077691                    -0.091110455452
 198                    -0.865405197484                    -0.090953185262
 199                    -0.768176449981                    -0.088493914832
 200                    -0.953260642396                    -0.073354394423
 201                     0.866426318811                    -0.061237879125
 202                     0.954244813864                    -0.059190833210
 203                     0.774600998196                    -0.055981821116
 204                     0.686797625906                    -0.053365280497
 205                     0.595041811159                    -0.053010343492
 206                     0.507238438869                    -0.050393802872
 207                     0.419435066579                    -0.047777262253
 208                     0.331631694289                    -0.045160721634
 209                     0.243828321999                    -0.042544181014
 210                     0.156024949709                    -0.039927640395
 211                     0.068221577419                    -0.037311099775
 212                    -0.019581794870                    -0.034694559156
 213                    -0.107385167160                    -0.032078018537
 214                    -0.195188539450                    -0.029461477917
 215                    -0.282991911740                    -0.026844937298
 216                    -0.370795284030                    -0.024228396678
 217                    -0.458598656320                    -0.021611856059
 218                    -0.546402028610                    -0.018995315440
 219                    -0.634205400899                    -0.016378774820
 220                    -0.722008773189                    -0.013762234201
 221                    -0.809812145479                    -0.011145693582
 222                    -0.897472978090                    -0.005501502210
 223                     0.908562772573                     0.015838691470
 224                     0.820768674987                     0.018749859515
 225                     0.732965302697                     0.021366400134
 226                     0.641209487950                     0.021721337139
 227                     0.553406115660                     0.024337877759
 228                     0.465602743370                     0.026954418378
 229                     0.377799371080                     0.029570958997
 230                     0.289995998791                     0.032187499617
 231                     0.202192626501                     0.034804040236
 232                     0.114389254211                     0.037420580856
 233                     0.026585881921                     0.040037121475
 234                    -0.061217490369                     0.042653662095
 235                    -0.149020862659                     0.045270202714
 236                    -0.236824234949                     0.047886743333
 237                    -0.324627607239                     0.050503283953
 238                    -0.412430979528                     0.053119824572
 239                    -0.500234351818                     0.055736365192
 240                    -0.588037724108                     0.058352905811
 241                    -0.675841096398                     0.060969446430
 242                    -0.954088294030                     0.061662360628
 243                    -0.763644468688                     0.063585987050
 244                    -0.851305301299                     0.069230178421
 245                     0.951601919008                     0.092414864947
 246                     0.779132979488                     0.096098080766
 247                     0.687377164742                     0.096453017771
 248                     0.599573792452                     0.099069558390
 249                     0.511770420162                     0.101686099009
 250                     0.423967047872                     0.104302639629
 251                     0.336163675582                     0.106919180248
 252                     0.248360303292                     0.109535720868
 253                     0.865722481105                     0.110881066933
 254                     0.160556931002                     0.112152261487
 255                     0.072753558712                     0.114768802107
 256                    -0.015049813578                     0.117385342726
 257                    -0.102853185868                     0.120001883345
 258                    -0.190656558157                     0.122618423965
 259                    -0.278459930447                     0.125234964584
 260                    -0.366263302737                     0.127851505203
 261                    -0.454066675027                     0.130468045823
 262                    -0.541870047317                     0.133084586442
 263                    -0.629673419607                     0.135701127062
 264                    -0.907920617238                     0.136394041260
 265                    -0.717476791897                     0.138317667681
 266                    -0.819077797402                     0.150990380961
 267                     0.733544841533                     0.171184698402
 268                     0.645741469243                     0.173801239021
 269                     0.557938096953                     0.176417779641
 270                     0.470134724663                     0.179034320260
 271                     0.939103533573                     0.179363521244
 272                     0.382331352373                     0.181650860879
 273                     0.294527980083                     0.184267401499
 274                     0.206724607793                     0.186883942118
 275                     0.118921235504                     0.189500482738
 276                     0.031117863214                     0.192117023357
 277                    -0.056685509076                     0.194733563977
 278                    -0.144488881366                     0.197350104596
 279                     0.853224095670                     0.197829723229
 280                    -0.232292253656                     0.199966645215
 281                    -0.320095625946                     0.202583185835
 282                    -0.407898998236                     0.205199726454
 283                    -0.495702370526                     0.207816267073
 284                    -0.583505742815                     0.210432807693
 285                    -0.671309115105                     0.213049348312
 286                    -0.759112487395                     0.215665888932
 287                    -0.930092590045                     0.221392171192
 288                    -0.843933487223                     0.238506126638
 289                     0.779712518324                     0.245916379033
 290                     0.691909146034                     0.248532919653
 291                     0.604105773745                     0.251149460272
 292                     0.516302401454                     0.253766000891
 293                     0.428499029165                     0.256382541511
 294                     0.340695656875                     0.258999082130
 295                     0.252892284585                     0.261615622750
 296                     0.165088912295                     0.264232163369
 297                     0.918677689810                     0.264798077349
 298                     0.077285540005                     0.266848703989
 299                    -0.010517832285                     0.269465244608
 300                    -0.098321204575                     0.272081785227
 301                    -0.186124576865                     0.274698325847
 302                    -0.273927949154                     0.277314866466
 303                    -0.361731321444                     0.279931407085
 304                    -0.449534693734                     0.282547947705
 305                    -0.537338066024                     0.285164488324
 306                    -0.625141438314                     0.287781028944
 307                    -0.722710560879                     0.296027811703
 308                    -0.905847113805                     0.305822968150
 309                     0.842071677454                     0.307784090669
 310                    -0.819058398180                     0.322752838238
 311                     0.738076822826                     0.323264600284
 312                     0.650273450536                     0.325881140903
 313                     0.562470078246                     0.328497681522
 314                     0.474666705956                     0.331114222142
 315                     0.386863333666                     0.333730762761
 316                     0.299059961376                     0.336347303381
 317                     0.211256589086                     0.338963844000
 318                     0.123453216796                     0.341580384620
 319                     0.035649844507                     0.344196925239
 320                    -0.052153527783                     0.346813465859
 321                    -0.139956900073                     0.349430006478
 322                    -0.227760272363                     0.352046547097
 323                    -0.315563644653                     0.354663087717
 324                    -0.403367016943                     0.357279628336
 325                    -0.491170389233                     0.359896168956
 326                    -0.578973761523                     0.362512709575
 327                    -0.666777133813                     0.365129250194
 328                    -0.753196312256                     0.380877395081
 329                     0.872901224318                     0.390038680269
 330                    -0.871456401792                     0.393256226013
 331                     0.785359183405                     0.397296058789
 332                     0.696441127327                     0.400612821535
 333                     0.608637755037                     0.403229362154
 334                     0.520834382747                     0.405845902773
 335                     0.433031010457                     0.408462443393
 336                     0.345227638168                     0.411078984012
 337                     0.257424265878                     0.413695524632
 338                     0.169620893588                     0.416312065251
 339                     0.081817521298                     0.418928605870
 340                    -0.005985850992                     0.421545146490
 341                    -0.093789223282                     0.424161687109
 342                    -0.181592595572                     0.426778227729
 343                    -0.269395967862                     0.429394768348
 344                    -0.357199340151                     0.432011308967
 345                    -0.445002712441                     0.434627849587
 346                    -0.532806084731                     0.437244390206
 347                    -0.620609457021                     0.439860930826
 348                    -0.743906485953                     0.468227138054
 349                    -0.831684852023                     0.471579289661
 350                     0.831378481197                     0.472119201606
 351                     0.743575199484                     0.474738779958
 352                     0.654805431829                     0.477961042785
 353                     0.567002059539                     0.480577583404
 354                     0.479198687249                     0.483194124024
 355                     0.391395314959                     0.485810664643
 356                     0.303591942669                     0.488427205263
 357                     0.215788570379                     0.491043745882
 358                     0.127985198089                     0.493660286502
 359                     0.040181825799                     0.496276827121
 360                    -0.047621546490                     0.498893367741
 361                    -0.135424918781                     0.501509908360
 362                    -0.223228291070                     0.504126448979
 363                    -0.311031663360                     0.506742989599
 364                    -0.398835035650                     0.509359530218
 365                    -0.486638407940                     0.511976070837
 366                    -0.668593154889                     0.513439753929
 367                    -0.580898701378                     0.518541460914
 368                    -0.784892620539                     0.545921508777
 369                     0.778149495261                     0.555490848302
 370                     0.525437275792                     0.557963933766
 371                     0.690351754079                     0.558289975585
 372                     0.437562991750                     0.560542345275
 373                     0.349759619460                     0.563158885894
 374                     0.261956247171                     0.565775426514
 375                     0.174152874880                     0.568391967133
 376                     0.086349502591                     0.571008507752
 377                    -0.001453869699                     0.573625048372
 378                    -0.089257241989                     0.576241588991
 379                    -0.177060614279                     0.578858129611
 380                    -0.264863986569                     0.581474670230
 381                    -0.352667358859                     0.584091210849
 382                    -0.440470731149                     0.586707751469
 383                     0.607834644625                     0.588409821495
 384                    -0.528274103439                     0.589324292088
 385                    -0.645391691413                     0.598162658523
 386                    -0.731474704752                     0.615655322262
 387                     0.483730740996                     0.635273981144
 388                     0.395929840875                     0.637972204313
 389                     0.308123923962                     0.640507107145
 390                     0.220320551672                     0.643123647764
 391                     0.705980851219                     0.644730763369
 392                     0.132517179382                     0.645740188384
 393                     0.044713807092                     0.648356729003
 394                    -0.043089565198                     0.650973269622
 395                    -0.130892937488                     0.653589810242
 396                    -0.218696309778                     0.656206350861
 397                    -0.306499682067                     0.658822891481
 398                    -0.581916925023                     0.658885244947
 399                    -0.394303054357                     0.661439432100
 400                     0.566172472616                     0.665743784886
 401                    -0.485491408465                     0.666109327259
 402                    -0.668919913034                     0.683061267469
 403                     0.643827217605                     0.706804947205
 404                     0.354221924768                     0.715281787297
 405                     0.266527148880                     0.720371458428
 406                     0.178684856174                     0.720471869015
 407                     0.498583960679                     0.721851462832
 408                     0.090881483883                     0.723088409634
 409                     0.003078111594                     0.725704950254
 410                    -0.084725260696                     0.728321490873
 411                    -0.172528632986                     0.730938031493
 412                    -0.260332005276                     0.733554572112
 413                    -0.348135377566                     0.736171112731
 414                    -0.435938749856                     0.738787653351
 415                    -0.599205905746                     0.745009397284
 416                     0.576238705668                     0.762912625150
 417                     0.424131975853                     0.768468846132
 418                    -0.516342770704                     0.774163802119
 419                     0.137049160675                     0.797820090266
 420                     0.049245788385                     0.800436630885
 421                    -0.038557583905                     0.803053171504
 422                     0.343744913925                     0.803883514630
 423                    -0.126360809639                     0.805674634398
 424                     0.255980304679                     0.807578353497
 425                    -0.214164328485                     0.808286252743
 426                    -0.301967700774                     0.810902793363
 427                     0.502495977674                     0.811626675008
 428                    -0.457587845864                     0.839464164119
 429                     0.425240923780                     0.856304196104
 430                    -0.372885093782                     0.862739091834
 431                     0.191242745288                     0.866952816647
 432                     0.095413465176                     0.875168311516
 433                     0.007630500991                     0.878397811335
 434                    -0.080188943176                     0.880403726742
 435                     0.344853861852                     0.891718864603
 436                    -0.210934211105                     0.896069194207
 437                    -0.297894658723                     0.908485273313
 438                     0.261555710229                     0.919606073256
 439                     0.149607049790                     0.944301037898
 440                    -0.138643794023                     0.945972842053
 441                     0.054072960905                     0.954349673963
 442                    -0.034542047392                     0.955454638632
