   1                    -0.059112223621                    -0.953457478665
   2                     0.107918660329                    -0.949172787936
   3                    -0.154637449815                    -0.942689067360
   4                     0.241082844254                    -0.924367070384
   5                    -0.251477401506                    -0.921560855550
   6                     0.023585356639                    -0.919432280200
   7                     0.326460985424                    -0.897774272076
   8                    -0.336609329212                    -0.893985152806
   9                     0.163807526394                    -0.879365635282
  10                    -0.098427726054                    -0.873140013691
  11                    -0.186763835221                    -0.859235491808
  12                    -0.424136791482                    -0.855969275568
  13                     0.077341747648                    -0.847970022068
  14                     0.459192817431                    -0.837685725690
  15                     0.241417571329                    -0.834943964481
  16                    -0.009209114870                    -0.823169555263
  17                     0.371438910595                    -0.820485267949
  18                    -0.261166070784                    -0.809627919254
  19                    -0.350482927688                    -0.805257223156
  20                    -0.496221112242                    -0.803049953839
  21                     0.146748109669                    -0.791584200955
  22                     0.536291586520                    -0.790510359311
  23                    -0.089727721368                    -0.784140497793
  24                    -0.181386930778                    -0.768672118218
  25                     0.299689206198                    -0.767113141979
  26                    -0.575797376334                    -0.762255075425
  27                     0.063213375161                    -0.759669438817
  28                     0.450041783656                    -0.748731453772
  29                    -0.417145108730                    -0.745652210528
  30                     0.607910714073                    -0.736858098731
  31                     0.216154471690                    -0.735198379842
  32                    -0.020321359347                    -0.727754676680
  33                    -0.256797190383                    -0.720310973518
  34                    -0.500679843238                    -0.713737448391
  35                     0.369095568218                    -0.710727320866
  36                     0.132619737182                    -0.703283617704
  37                    -0.103856093854                    -0.695839914542
  38                    -0.342815510915                    -0.694708849338
  39                     0.519448145677                    -0.692345632659
  40                    -0.671731271298                    -0.679229355788
  41                     0.285560833710                    -0.678812558728
  42                    -0.582518927003                    -0.673084314140
  43                     0.049085002674                    -0.671368855566
  44                     0.683962599951                    -0.666911223832
  45                    -0.187390828362                    -0.663925152405
  46                    -0.423866659399                    -0.656481449243
  47                     0.438501930239                    -0.654341499753
  48                     0.596710768508                    -0.647322405045
  49                     0.202026099203                    -0.646897796591
  50                    -0.034449731834                    -0.639454093429
  51                    -0.270925562870                    -0.632010390267
  52                    -0.507401393907                    -0.624566687105
  53                     0.354967195731                    -0.622426737615
  54                     0.118491364695                    -0.614983034453
  55                    -0.732300605663                    -0.613442125673
  56                    -0.117984466342                    -0.607539331291
  57                     0.511917367787                    -0.603023010847
  58                    -0.354460297378                    -0.600095628129
  59                     0.745270146904                    -0.597618462515
  60                    -0.622857477924                    -0.593275760581
  61                     0.271432461223                    -0.590511975477
  62                     0.034956630187                    -0.583068272315
  63                     0.657301098929                    -0.581554511882
  64                    -0.201519200849                    -0.575624569154
  65                    -0.437995031886                    -0.568180865992
  66                     0.424373557752                    -0.566040916502
  67                     0.187897726716                    -0.558597213340
  68                    -0.048578104321                    -0.551153510178
  69                    -0.285053935357                    -0.543709807016
  70                    -0.786453026128                    -0.542279500164
  71                     0.577314654280                    -0.541569857526
  72                    -0.521529766394                    -0.536266103854
  73                    -0.690264559831                    -0.534514470429
  74                     0.340838823244                    -0.534126154364
  75                     0.104362992208                    -0.526682451202
  76                    -0.132112838829                    -0.519238748040
  77                    -0.368588669865                    -0.511795044879
  78                     0.493779919772                    -0.509655095388
  79                     0.755999629741                    -0.508840750731
  80                    -0.605512744486                    -0.505550256117
  81                     0.257304088736                    -0.502211392226
  82                     0.020828257700                    -0.494767689065
  83                     0.651852767351                    -0.491383492846
  84                    -0.215647573336                    -0.487323985903
  85                    -0.452123404373                    -0.479880282741
  86                     0.410245185265                    -0.477740333251
  87                     0.173769354229                    -0.470296630089
  88                    -0.833714012509                    -0.466365054385
  89                     0.834207918667                    -0.465481006097
  90                    -0.744342975246                    -0.463295590223
  91                    -0.062706476808                    -0.462852926927
  92                    -0.299182307844                    -0.455409223765
  93                     0.563186281794                    -0.453269274275
  94                    -0.535658138881                    -0.447965520603
  95                     0.326710450757                    -0.445825571113
  96                     0.090234619721                    -0.438381867951
  97                    -0.146241211315                    -0.430938164789
  98                     0.716127378322                    -0.428798215299
  99                    -0.382717042352                    -0.423494461628
 100                     0.479651547286                    -0.421354512137
 101                    -0.619641116973                    -0.417249672866
 102                     0.243175716249                    -0.413910808975
 103                     0.006699885213                    -0.406467105814
 104                    -0.229775945823                    -0.399023402652
 105                     0.632592643814                    -0.396883453161
 106                    -0.466251776860                    -0.391579699490
 107                     0.396116812778                    -0.389439750000
 108                    -0.792085413744                    -0.387221743382
 109                     0.874078509884                    -0.385437643677
 110                    -0.702714376482                    -0.384152279220
 111                     0.159640981742                    -0.381996046838
 112                    -0.076834849295                    -0.374552343676
 113                     0.785597868320                    -0.372479106087
 114                    -0.880109253419                    -0.371460792886
 115                    -0.313310680331                    -0.367108640514
 116                     0.549057909307                    -0.364968691024
 117                    -0.549786511368                    -0.359664937353
 118                     0.312582078270                    -0.357524987862
 119                     0.076106247234                    -0.350081284700
 120                    -0.160369583803                    -0.342637581538
 121                     0.701999103739                    -0.340497616383
 122                    -0.396845414839                    -0.335193878377
 123                     0.465523174799                    -0.333053928886
 124                    -0.633321245875                    -0.327750175215
 125                     0.229047343762                    -0.325610225724
 126                    -0.007428487274                    -0.318166522563
 127                    -0.243904318310                    -0.310722819401
 128                     0.618464271328                    -0.308582869911
 129                    -0.480380149347                    -0.303279116239
 130                    -0.822447950064                    -0.303110386837
 131                     0.381988440291                    -0.301139166749
 132                     0.895362448735                    -0.298583755689
 133                    -0.732961343242                    -0.297127809556
 134                     0.145512609255                    -0.293695463587
 135                    -0.910987165183                    -0.287535802827
 136                    -0.090963221782                    -0.286251760425
 137                     0.771460747916                    -0.284179911328
 138                    -0.327439052818                    -0.278808057263
 139                     0.534929536820                    -0.276668107773
 140                    -0.563914883855                    -0.271364354102
 141                     0.298453705783                    -0.269224404611
 142                     0.061977874747                    -0.261780701449
 143                    -0.174497956290                    -0.254336998288
 144                     0.687870633348                    -0.252197048797
 145                    -0.410973787326                    -0.246893295126
 146                     0.451394802312                    -0.244753345635
 147                    -0.647449618362                    -0.239449591964
 148                     0.214918971275                    -0.237309642474
 149                    -0.021556859761                    -0.229865939312
 150                     0.840811729877                    -0.227725989822
 151                    -0.258032690797                    -0.222422236150
 152                     0.604335898840                    -0.220282286660
 153                     0.930469059864                    -0.216339425996
 154                    -0.494508521834                    -0.214978532988
 155                    -0.820194266510                    -0.213715057978
 156                     0.367860067804                    -0.212838583498
 157                    -0.730984352870                    -0.207534829826
 158                     0.131384236768                    -0.205394880336
 159                    -0.933882559114                    -0.201091773908
 160                    -0.105091594269                    -0.197951177174
 161                     0.757276995369                    -0.195811227684
 162                    -0.341567425305                    -0.190507474012
 163                     0.520801164333                    -0.188367524522
 164                    -0.578043256342                    -0.183063770851
 165                     0.284325333296                    -0.180923821360
 166                     0.047849502260                    -0.173480118198
 167                    -0.188626328777                    -0.166036415037
 168                     0.673742260861                    -0.163896465546
 169                    -0.425102159813                    -0.158592711875
 170                     0.437266429825                    -0.156452762385
 171                    -0.661577990849                    -0.151149008713
 172                     0.200790598788                    -0.149009059223
 173                    -0.035685232248                    -0.141565356061
 174                     0.826683357390                    -0.139425406571
 175                    -0.869434476669                    -0.139069189940
 176                    -0.272161063284                    -0.134121652899
 177                     0.590207526354                    -0.131981703409
 178                     0.915399051449                    -0.128194665755
 179                    -0.508636894321                    -0.126677949737
 180                     0.353731695317                    -0.124538000247
 181                    -0.778795873969                    -0.120010661840
 182                     0.117255864281                    -0.117094297085
 183                    -0.119219966756                    -0.109650593923
 184                     0.743148622882                    -0.107510644433
 185                    -0.355695797792                    -0.102206890762
 186                    -0.950009686663                    -0.100284664084
 187                     0.506672791846                    -0.100066941271
 188                    -0.592171628829                    -0.094763187600
 189                     0.270196960809                    -0.092623238109
 190                     0.033721129773                    -0.085179534947
 191                    -0.202754701264                    -0.077735831786
 192                     0.659613888374                    -0.075595882295
 193                    -0.439230532300                    -0.070292128624
 194                     0.423138057338                    -0.068152179133
 195                    -0.675706363336                    -0.062848425462
 196                     0.186662226301                    -0.060708475972
 197                    -0.049813604735                    -0.053264772810
 198                    -0.845954458242                    -0.052783080709
 199                     0.812554984903                    -0.051124823320
 200                     0.954102467267                    -0.047580464056
 201                    -0.286289435771                    -0.045821069648
 202                     0.576079153866                    -0.043681120158
 203                    -0.522765266808                    -0.038377366486
 204                     0.339603322830                    -0.036237416996
 205                    -0.759241097844                    -0.030933663324
 206                     0.103127491794                    -0.028793713834
 207                    -0.133348339243                    -0.021350010672
 208                     0.729020250395                    -0.019210061182
 209                    -0.369824170279                    -0.013906307510
 210                     0.492544419358                    -0.011766358020
 211                    -0.955224648829                    -0.011013122812
 212                    -0.606300001316                    -0.006462604349
 213                     0.256068588322                    -0.004322654858
 214                     0.019592757286                     0.003121048303
 215                     0.881961191743                     0.005261188808
 216                    -0.216883073751                     0.010564751465
 217                     0.645485515887                     0.012704700956
 218                    -0.453358904787                     0.018008454627
 219                     0.409009684851                     0.020148404117
 220                    -0.689834735823                     0.025452157789
 221                     0.172533853814                     0.027592107279
 222                    -0.875922156279                     0.031469758923
 223                    -0.063941977222                     0.035035810441
 224                     0.798475805552                     0.037304818504
 225                    -0.300417808259                     0.042479513603
 226                     0.561950781379                     0.044619463093
 227                    -0.536893639295                     0.049923216765
 228                     0.325474950343                     0.052063166255
 229                    -0.781189493478                     0.056359250239
 230                     0.953466919862                     0.058959743330
 231                     0.088999119307                     0.059506869417
 232                    -0.147476711730                     0.066950572579
 233                     0.714891877908                     0.069090522069
 234                    -0.383952542766                     0.074394275740
 235                     0.478416046871                     0.076534225231
 236                    -0.952069285642                     0.078354922902
 237                    -0.620428373803                     0.081837978902
 238                     0.241940215835                     0.083977928393
 239                     0.005464384799                     0.091421631554
 240                     0.871209743440                     0.094036243136
 241                    -0.231011446238                     0.098865334716
 242                     0.631357143400                     0.101005284206
 243                    -0.467487277274                     0.106309037878
 244                     0.394881312364                     0.108448987368
 245                    -0.703963108310                     0.113752741040
 246                     0.158405481327                     0.115892690530
 247                    -0.873391977893                     0.120857689366
 248                    -0.078070349709                     0.123336393692
 249                     0.787552058210                     0.126058836191
 250                    -0.314546180745                     0.130780096854
 251                     0.547822408892                     0.132920046344
 252                    -0.551022011782                     0.138223800016
 253                     0.311346577856                     0.140363749506
 254                    -0.787486988354                     0.145695899524
 255                     0.074870746819                     0.147807452668
 256                     0.943608569319                     0.148721759864
 257                    -0.161605084217                     0.155251155829
 258                     0.700763505421                     0.157391105320
 259                    -0.398080915253                     0.162694858991
 260                     0.464287674384                     0.164834808482
 261                    -0.634556746290                     0.170138562153
 262                     0.227811843348                     0.172278511643
 263                    -0.008663987688                     0.179722214805
 264                     0.857049958008                     0.182331794485
 265                    -0.937570987789                     0.183128538087
 266                    -0.245139818725                     0.187165917967
 267                     0.617228770913                     0.189305867458
 268                    -0.481615649761                     0.194609621129
 269                     0.380752939877                     0.196749570619
 270                    -0.719053443543                     0.203258507667
 271                     0.144277108840                     0.204193273781
 272                    -0.851665998250                     0.207966748246
 273                    -0.092198722196                     0.211636976943
 274                     0.770169867442                     0.213776926433
 275                    -0.328674553233                     0.219080680105
 276                     0.533694036405                     0.221220629595
 277                    -0.565150384269                     0.226524383267
 278                     0.297218205369                     0.228664332757
 279                     0.060742374332                     0.236108035919
 280                     0.924324957145                     0.241244258385
 281                    -0.175733456704                     0.243551739081
 282                     0.686635132934                     0.245691688571
 283                    -0.412209287740                     0.250995442242
 284                     0.450159301898                     0.253135391733
 285                    -0.648685118777                     0.258439145404
 286                     0.213683470861                     0.260579094894
 287                    -0.022792360175                     0.268022798056
 288                    -0.916339447821                     0.269995249905
 289                     0.839667767240                     0.270049884727
 290                    -0.259268191212                     0.275466501218
 291                     0.603100398426                     0.277606450708
 292                    -0.495744022248                     0.282910204380
 293                     0.366624567390                     0.285050153870
 294                    -0.733181816031                     0.291559090918
 295                     0.130148736353                     0.292493857032
 296                    -0.822600223340                     0.292534973014
 297                    -0.106327094683                     0.299937560194
 298                     0.756117605498                     0.302089654014
 299                    -0.342802925720                     0.307381263356
 300                     0.519565663918                     0.309521212846
 301                    -0.579278756756                     0.314824966518
 302                     0.283089832882                     0.316964916008
 303                     0.046614001845                     0.324408619170
 304                    -0.189861829191                     0.331852322331
 305                     0.672506760447                     0.333992271822
 306                    -0.426337660227                     0.339296025493
 307                     0.436030929411                     0.341435974983
 308                     0.891661624424                     0.342804559674
 309                    -0.662813491264                     0.346739728655
 310                     0.199555098374                     0.348879678145
 311                    -0.887078320969                     0.354496080475
 312                    -0.036920732662                     0.356323381307
 313                    -0.273396563699                     0.363767084469
 314                     0.588972025939                     0.365907033959
 315                    -0.777040619211                     0.369488617915
 316                    -0.509872394735                     0.371210787631
 317                     0.352496194903                     0.373350737121
 318                     0.116020363866                     0.380794440283
 319                    -0.120455467170                     0.388238143445
 320                     0.741913122468                     0.390378092935
 321                    -0.356931298207                     0.395681846606
 322                     0.505437291431                     0.397821796097
 323                    -0.593407129243                     0.403125549768
 324                     0.268961460395                     0.405265499259
 325                     0.829720762650                     0.407302106559
 326                     0.032485629358                     0.412709202421
 327                    -0.203990201678                     0.420152905582
 328                     0.658378387960                     0.422292855073
 329                    -0.440466032714                     0.427596608744
 330                     0.421902556923                     0.429736558234
 331                    -0.676941863751                     0.435040311906
 332                    -0.850044013044                     0.435890576284
 333                     0.185426725887                     0.437180261396
 334                    -0.051049105149                     0.444623964558
 335                    -0.287524936186                     0.452067667720
 336                     0.574843653452                     0.454207617210
 337                    -0.763382521427                     0.457944822641
 338                    -0.524000767222                     0.459511370882
 339                     0.338367822416                     0.461651320372
 340                     0.101891991379                     0.469095023534
 341                    -0.134583839657                     0.476538726696
 342                     0.727784749981                     0.478678676186
 343                    -0.371059670694                     0.483982429858
 344                     0.491308918944                     0.486122379348
 345                    -0.607535501730                     0.491426133020
 346                     0.254833087908                     0.493566082510
 347                     0.816579689201                     0.495755009848
 348                     0.018357256871                     0.501009785672
 349                    -0.218118574165                     0.508453488833
 350                     0.644291315478                     0.510701329209
 351                    -0.454594405201                     0.515897191995
 352                     0.407774184436                     0.518037141485
 353                    -0.698278281946                     0.521881322783
 354                     0.171298353400                     0.525480844647
 355                    -0.065177477636                     0.532924547809
 356                    -0.301653308673                     0.540368250971
 357                     0.560715451007                     0.542508227668
 358                    -0.784718939622                     0.544785833519
 359                     0.324239449929                     0.549951903623
 360                    -0.542791596547                     0.553721562327
 361                     0.087763618892                     0.557395606785
 362                     0.757611781745                     0.562981416875
 363                    -0.148712212144                     0.564839309947
 364                    -0.385188043181                     0.572283013108
 365                     0.477180546457                     0.574422962599
 366                    -0.628871919925                     0.578267143897
 367                     0.240704715420                     0.581866665760
 368                     0.004228884384                     0.589310368922
 369                    -0.232246946652                     0.596754072084
 370                     0.630182127889                     0.599005006672
 371                    -0.468722777689                     0.604197775246
 372                     0.393645811949                     0.606337724736
 373                    -0.721662722626                     0.608193383619
 374                     0.157169980913                     0.613781427898
 375                    -0.079305850124                     0.621225131060
 376                    -0.315781681160                     0.628668834222
 377                     0.546586908479                     0.630808783711
 378                     0.309746095901                     0.638698801854
 379                     0.710255738831                     0.638836602006
 380                     0.073635246405                     0.645696190036
 381                    -0.162840584631                     0.653139893198
 382                    -0.584113045751                     0.655683208730
 383                     0.464259053571                     0.666093711461
 384                    -0.407246054430                     0.671498751803
 385                     0.228768591427                     0.676636219804
 386                    -0.009899488103                     0.677610952173
 387                    -0.669854458641                     0.681080335088
 388                    -0.246375319139                     0.685054655335
 389                    -0.500630821829                     0.687735076080
 390                     0.379513216847                     0.694637632252
 391                     0.143041608426                     0.702082011149
 392                     0.647408439769                     0.702451230136
 393                    -0.093434222611                     0.709525714311
 394                    -0.329910053647                     0.716969417472
 395                     0.559583088421                     0.719283091951
 396                     0.059506873918                     0.733996773287
 397                     0.301515140122                     0.738374389547
 398                    -0.176968957118                     0.741440476448
 399                    -0.598043501255                     0.744888759854
 400                     0.443171382596                     0.757440831574
 401                    -0.445483607528                     0.758129597646
 402                     0.216201204116                     0.765172453561
 403                    -0.024027860590                     0.765911535424
 404                     0.128913235939                     0.790382594400
 405                    -0.271858128005                     0.791209300372
 406                    -0.525732720519                     0.797590581521
 407                    -0.107562595098                     0.797826297562
 408                    -0.365866946040                     0.798845578845
 409                     0.521670318769                     0.800272139413
 410                     0.365173305871                     0.801177588869
 411                     0.045378501431                     0.822297356538
 412                    -0.191097329605                     0.829741059700
 413                     0.280980094287                     0.831312403199
 414                     0.442049487131                     0.846857526112
 415                    -0.440936350842                     0.847437639659
 416                     0.193929839720                     0.851778401622
 417                    -0.031125324112                     0.868598205222
 418                    -0.264436529355                     0.880907119658
 419                    -0.118728583524                     0.886550164779
 420                    -0.353622261503                     0.887427019407
 421                     0.349223183489                     0.889167346862
 422                     0.096870819308                     0.895407855861
 423                     0.261917922727                     0.918680804392
 424                    -0.193586329375                     0.935467664692
 425                     0.174867668161                     0.939146802814
 426                    -0.059380100794                     0.953440833106
 427                     0.030033058517                     0.954815916290
