   1                     0.021929228276                    -0.956133743788
   2                    -0.104396908159                    -0.950670243896
   3                     0.108953977284                    -0.950158754050
   4                    -0.190580845376                    -0.937204123144
   5                    -0.275179372658                    -0.915941559231
   6                     0.275282758686                    -0.915910492261
   7                     0.188087591463                    -0.913458910053
   8                    -0.038637006425                    -0.893358440870
   9                     0.357588854517                    -0.887019074309
  10                    -0.362299180908                    -0.885094271005
  11                    -0.121150434650                    -0.865064596930
  12                     0.116737787158                    -0.863277111879
  13                    -0.207334371866                    -0.851598476178
  14                     0.436920228930                    -0.850748694160
  15                    -0.441585402755                    -0.848336583637
  16                     0.032073161038                    -0.842279289939
  17                    -0.291932899148                    -0.830335912265
  18                     0.284776607712                    -0.829199049688
  19                     0.185570924736                    -0.809250679626
  20                    -0.047517765003                    -0.806582064077
  21                    -0.517042933026                    -0.804573944688
  22                     0.366640855960                    -0.799078420527
  23                    -0.372004270750                    -0.795729801648
  24                    -0.130031193228                    -0.778288220137
  25                     0.104398665262                    -0.776924616182
  26                     0.558244342738                    -0.776553849301
  27                     0.471221828322                    -0.770546401665
  28                    -0.216215130445                    -0.764822099385
  29                    -0.447461801021                    -0.751967162699
  30                     0.020892075112                    -0.751378899559
  31                     0.252594173762                    -0.748123169259
  32                    -0.300813761039                    -0.743559546027
  33                    -0.549498258086                    -0.723606918575
  34                    -0.060630496600                    -0.720343652030
  35                     0.170156231892                    -0.719610133952
  36                     0.400942455352                    -0.718876128032
  37                     0.631681796213                    -0.718088250425
  38                    -0.636206368721                    -0.714082686712
  39                    -0.376831569108                    -0.700777536971
  40                    -0.143147529803                    -0.692050356312
  41                     0.087641650961                    -0.691319651875
  42                     0.318351740391                    -0.690808687028
  43                     0.549167206299                    -0.689797794547
  44                    -0.229331467019                    -0.678584235559
  45                    -0.458806753753                    -0.665478438060
  46                     0.005127070029                    -0.663029169799
  47                     0.235913798520                    -0.662295651721
  48                     0.466652625369                    -0.661507312472
  49                    -0.698622149558                    -0.653146016761
  50                     0.700926508337                    -0.650672465203
  51                    -0.309812931789                    -0.644942873058
  52                    -0.541178577521                    -0.636774952356
  53                    -0.077387510901                    -0.634738687723
  54                     0.153399217590                    -0.634005169645
  55                     0.384114688700                    -0.633285043731
  56                     0.615643826426                    -0.632345664929
  57                    -0.390345033484                    -0.611422908278
  58                    -0.623693158452                    -0.608484470279
  59                    -0.160424419877                    -0.606548797778
  60                     0.070884636659                    -0.605714687568
  61                     0.301623531073                    -0.604926335095
  62                     0.533129236512                    -0.604055209052
  63                    -0.245264211322                    -0.586270305973
  64                    -0.473086923358                    -0.579062045575
  65                    -0.743491982091                    -0.578341567891
  66                    -0.011629944272                    -0.577424205492
  67                     0.219108950142                    -0.576635853018
  68                     0.450614655581                    -0.575764726977
  69                     0.711410920013                    -0.564075210315
  70                    -0.325796313017                    -0.552750341192
  71                    -0.555592399521                    -0.550744439294
  72                    -0.094144525203                    -0.549133723416
  73                     0.136594369212                    -0.548345370942
  74                     0.368076718913                    -0.547542458236
  75                     0.598886948508                    -0.546740673926
  76                     0.793337326769                    -0.534124061449
  77                    -0.638106980452                    -0.522453957218
  78                    -0.407320251961                    -0.521720439139
  79                    -0.176659106134                    -0.520843241339
  80                     0.054079788281                    -0.520054888866
  81                     0.285585561285                    -0.519183749599
  82                     0.516372358595                    -0.518450218048
  83                    -0.804957138500                    -0.516446156187
  84                    -0.260088976201                    -0.495378280650
  85                    -0.720621561383                    -0.494163475141
  86                    -0.489834832892                    -0.493429957063
  87                    -0.028434792649                    -0.491764406790
  88                     0.203070980354                    -0.490893267523
  89                     0.433857777663                    -0.490159735973
  90                     0.665212200432                    -0.490084090906
  91                    -0.572349413823                    -0.465139474987
  92                    -0.341612915145                    -0.464348378597
  93                    -0.110949373580                    -0.463473924714
  94                     0.120556399423                    -0.462602785447
  95                     0.351343173990                    -0.461869320229
  96                     0.582129934206                    -0.461135709619
  97                     0.747138607188                    -0.460132942039
  98                     0.838703011835                    -0.459619282670
  99                    -0.654863994754                    -0.436848992911
 100                    -0.424127496076                    -0.436057896521
 101                    -0.193487525452                    -0.435252285359
 102                     0.038041818492                    -0.434312303371
 103                     0.268828615801                    -0.433578771821
 104                     0.499615344292                    -0.432845253741
 105                    -0.821714152802                    -0.430841191880
 106                    -0.737378575685                    -0.408558510834
 107                    -0.506642077006                    -0.407767414445
 108                    -0.275978466623                    -0.406892947091
 109                    -0.044472762439                    -0.406021821295
 110                     0.186314034870                    -0.405288289745
 111                     0.417100763361                    -0.404554771666
 112                     0.648455186130                    -0.404479126599
 113                     0.792504292254                    -0.385628163261
 114                    -0.589156657937                    -0.379476932369
 115                    -0.358493047554                    -0.378602465015
 116                    -0.126987343370                    -0.377731339219
 117                     0.103799453939                    -0.376997807669
 118                     0.879235884542                    -0.376320191323
 119                     0.334586182430                    -0.376264289590
 120                     0.565372919903                    -0.375530745313
 121                    -0.882595615722                    -0.368371559938
 122                    -0.671671238868                    -0.351186450293
 123                    -0.441007628485                    -0.350311982939
 124                    -0.209525495243                    -0.349509699864
 125                     0.021284873008                    -0.348707325593
 126                     0.252071601499                    -0.347973807514
 127                     0.482858329990                    -0.347240289434
 128                     0.714212752758                    -0.347164644368
 129                    -0.754210569173                    -0.322968257665
 130                    -0.523522209415                    -0.322021500863
 131                    -0.292016436414                    -0.321150361596
 132                    -0.061229707923                    -0.320416843517
 133                     0.169557020568                    -0.319683325438
 134                     0.400343749059                    -0.318949807359
 135                     0.631698171827                    -0.318874162292
 136                     0.786677378680                    -0.298387724404
 137                     0.909866339369                    -0.294645331792
 138                    -0.836582441750                    -0.294264912035
 139                    -0.606036790347                    -0.293731018787
 140                    -0.374531017345                    -0.292859879520
 141                    -0.143744288854                    -0.292126361441
 142                     0.087042439637                    -0.291392843362
 143                     0.317829168128                    -0.290659325283
 144                     0.548615905601                    -0.289925781006
 145                    -0.688576120651                    -0.265512826159
 146                    -0.918856683870                    -0.265282908553
 147                    -0.457045598276                    -0.264569397444
 148                    -0.226258869785                    -0.263835879365
 149                     0.004527858706                    -0.263102361286
 150                     0.235314587196                    -0.262368843207
 151                     0.466101315688                    -0.261635325128
 152                     0.697455738455                    -0.261559680061
 153                    -0.770947993229                    -0.236809480529
 154                    -0.539560179207                    -0.236278915368
 155                    -0.308773450716                    -0.235545397289
 156                    -0.077986722225                    -0.234811879210
 157                     0.152800006265                    -0.234078361131
 158                     0.847260320228                    -0.233904128234
 159                     0.383586734756                    -0.233344843052
 160                     0.614941157524                    -0.233269197985
 161                     0.932927769451                    -0.210519367400
 162                    -0.622074760138                    -0.207988433292
 163                    -0.853222235349                    -0.207827477047
 164                    -0.391288031647                    -0.207254915213
 165                    -0.160501303156                    -0.206521397134
 166                     0.764639888695                    -0.205924283065
 167                     0.070285425334                    -0.205787879055
 168                     0.301072153825                    -0.205054360976
 169                     0.531858891298                    -0.204320816700
 170                    -0.939217834954                    -0.180339744806
 171                    -0.704614090442                    -0.179770240664
 172                    -0.473802612578                    -0.178964433137
 173                    -0.243015884087                    -0.178230915058
 174                    -0.012229155597                    -0.177497396979
 175                     0.218557572894                    -0.176763878900
 176                     0.449344301385                    -0.176030360821
 177                     0.680698724153                    -0.175954715754
 178                    -0.786985963020                    -0.151066895035
 179                    -0.556317193509                    -0.150673951061
 180                    -0.325530465019                    -0.149940432982
 181                    -0.094743736528                    -0.149206914903
 182                     0.136042991963                    -0.148473396824
 183                     0.830181361172                    -0.148362813071
 184                     0.366829720454                    -0.147739878745
 185                     0.598184143222                    -0.147664233678
 186                     0.914307049912                    -0.125300377461
 187                    -0.638831774440                    -0.122383468985
 188                    -0.869260205141                    -0.122084891553
 189                    -0.408045045950                    -0.121649950906
 190                    -0.177258317459                    -0.120916432827
 191                     0.053528411032                    -0.120182914748
 192                     0.747669924425                    -0.120063162042
 193                     0.284315139523                    -0.119449396669
 194                     0.515101876996                    -0.118715852393
 195                    -0.951774782975                    -0.093794400446
 196                    -0.721228686014                    -0.093752080519
 197                    -0.490559626881                    -0.093359468830
 198                    -0.259772898390                    -0.092625950751
 199                    -0.028986169899                    -0.091892432672
 200                     0.201800558592                    -0.091158914593
 201                     0.432587287083                    -0.090425396514
 202                     0.663951222488                    -0.090347889915
 203                    -0.573074208331                    -0.065068986158
 204                    -0.803502928134                    -0.064770077037
 205                    -0.342287479321                    -0.064335468675
 206                    -0.111500750830                    -0.063601950596
 207                     0.119285977661                    -0.062868432517
 208                     0.813433859508                    -0.062755987231
 209                     0.350072706152                    -0.062134914438
 210                     0.581427128919                    -0.062059269372
 211                     0.955168154228                    -0.048233019933
 212                    -0.886017505969                    -0.036479585931
 213                    -0.655471121900                    -0.036437595402
 214                    -0.424802060252                    -0.036044986599
 215                    -0.194015331761                    -0.035311468520
 216                     0.036771396730                    -0.034577950441
 217                     0.730922422761                    -0.034456336202
 218                     0.267558125220                    -0.033844432362
 219                     0.498344863879                    -0.033110887854
 220                    -0.507316641183                    -0.007754504523
 221                    -0.737745364031                    -0.007455591908
 222                    -0.276529912692                    -0.007020986444
 223                    -0.045743184201                    -0.006287468365
 224                     0.185043544289                    -0.005553950287
 225                     0.879169717811                    -0.005416608307
 226                     0.415830273961                    -0.004820431976
 227                     0.647184696365                    -0.004744788078
 228                    -0.956263825035                     0.015235615895
 229                    -0.820272960211                     0.020849831870
 230                    -0.589713552756                     0.020876883943
 231                    -0.359044493623                     0.021269495632
 232                    -0.128257765133                     0.022003013711
 233                     0.102528963358                     0.022736531789
 234                     0.333315691849                     0.023470049869
 235                     0.564670115804                     0.023545695168
 236                     0.797093391741                     0.024121234219
 237                     0.955589855206                     0.038995585528
 238                    -0.441559074554                     0.049559977708
 239                    -0.671987794877                     0.049858887425
 240                    -0.210772346064                     0.050293495787
 241                     0.020014382427                     0.051027013865
 242                     0.714155896637                     0.051146765634
 243                     0.250801110918                     0.051760531944
 244                     0.481587848390                     0.052494076220
 245                    -0.754502374398                     0.078149373614
 246                    -0.523955986128                     0.078191366174
 247                    -0.293286926995                     0.078583977863
 248                    -0.062500198504                     0.079317495942
 249                     0.168286529987                     0.080051014020
 250                     0.399073258478                     0.080784532100
 251                     0.632266791129                     0.081199749536
 252                     0.879591418789                     0.081811997154
 253                    -0.923626434226                     0.096129423838
 254                    -0.837010526080                     0.106458600878
 255                    -0.375801507926                     0.106874459939
 256                    -0.606230228248                     0.107173369655
 257                    -0.145014779435                     0.107607978018
 258                     0.085771949056                     0.108341496096
 259                     0.316558677546                     0.109075014176
 260                     0.547913100313                     0.109150659242
 261                     0.797515092719                     0.111349839679
 262                    -0.688744807769                     0.135463855845
 263                    -0.458198419499                     0.135505848405
 264                    -0.227529360366                     0.135898460094
 265                     0.003257368125                     0.136631978172
 266                     0.234044096616                     0.137365496251
 267                     0.464875716348                     0.138107813932
 268                     0.946335247531                     0.138210579667
 269                     0.714577597615                     0.138375371095
 270                    -0.771252959451                     0.163773083109
 271                    -0.310043941297                     0.164188942170
 272                    -0.540472661620                     0.164487851886
 273                    -0.079257212806                     0.164922460249
 274                     0.151529515684                     0.165655978327
 275                     0.382316244175                     0.166389496407
 276                     0.613700706063                     0.166430658998
 277                     0.864133777754                     0.167661101843
 278                    -0.938906200766                     0.182010365710
 279                    -0.622999150517                     0.192791998975
 280                    -0.392440852870                     0.192820330636
 281                    -0.161771793737                     0.193212942325
 282                     0.069014934754                     0.193946460403
 283                     0.299801663244                     0.194679978483
 284                     0.531200968270                     0.194764396953
 285                    -0.852663982177                     0.195098038353
 286                     0.779684959498                     0.196864959872
 287                     0.682834310788                     0.219624193755
 288                    -0.705730865405                     0.221356610563
 289                    -0.244286374668                     0.221503424401
 290                    -0.474715094991                     0.221802334117
 291                    -0.013499646178                     0.222236942479
 292                     0.217287082313                     0.222970460558
 293                     0.448073810804                     0.223703978638
 294                     0.929416641663                     0.225515705136
 295                    -0.557229675922                     0.250092816193
 296                    -0.326683286242                     0.250134812866
 297                    -0.096014227109                     0.250527424555
 298                     0.134772501382                     0.251260942634
 299                     0.365559229873                     0.251994460714
 300                     0.599089643746                     0.252427893257
 301                    -0.787141888131                     0.252681565807
 302                     0.846671653531                     0.253125022066
 303                    -0.907119348457                     0.263242154208
 304                    -0.639738376588                     0.278400443377
 305                     0.747088647287                     0.278619004403
 306                    -0.178528808040                     0.278817906632
 307                    -0.408957528362                     0.279116816348
 308                     0.052257920451                     0.279551424710
 309                     0.283044648942                     0.280284942789
 310                     0.514399062727                     0.280360561660
 311                    -0.491472109293                     0.307407298424
 312                    -0.260925719613                     0.307449295097
 313                    -0.030256660480                     0.307841906786
 314                     0.200530068011                     0.308575424865
 315                     0.431316796502                     0.309308942945
 316                    -0.721149399314                     0.309725398620
 317                     0.664847210374                     0.309742375488
 318                     0.900684780077                     0.321620201481
 319                     0.814359651394                     0.334149351500
 320                    -0.573980809959                     0.335714925608
 321                    -0.112771241411                     0.336132388863
 322                    -0.343199961734                     0.336431298578
 323                     0.118015487080                     0.336865906941
 324                     0.580227397286                     0.337593749684
 325                     0.348802215570                     0.337599425021
 326                    -0.803898902434                     0.338286530114
 327                    -0.890484003429                     0.348870845300
 328                     0.732633458073                     0.364642576446
 329                    -0.425714542665                     0.364721780655
 330                    -0.195168152984                     0.364763777328
 331                     0.035500906149                     0.365156389018
 332                     0.266287634639                     0.365889907096
 333                     0.497642048424                     0.365965525967
 334                    -0.655391832685                     0.367039880851
 335                    -0.508223243331                     0.393029407838
 336                    -0.047013674782                     0.393446871094
 337                    -0.277442395105                     0.393745780809
 338                     0.183773053708                     0.394180389172
 339                     0.645984963915                     0.394908231915
 340                     0.414559782199                     0.394913907252
 341                    -0.737906413616                     0.395330362927
 342                     0.867005187566                     0.403701166455
 343                    -0.359956976036                     0.422036262885
 344                    -0.129410586356                     0.422078259559
 345                     0.101258472777                     0.422470871249
 346                     0.563470382984                     0.423198713991
 347                     0.332045201268                     0.423204389327
 348                    -0.589634266057                     0.424354363082
 349                    -0.854993532875                     0.428554180711
 350                     0.713771211614                     0.449808432873
 351                     0.018743891846                     0.450761353325
 352                    -0.211684828477                     0.451060263040
 353                    -0.443237422037                     0.451217469098
 354                     0.249530620337                     0.451494871403
 355                     0.480885034122                     0.451570490274
 356                    -0.672148846988                     0.452644845158
 357                     0.800400065257                     0.460028469999
 358                    -0.779390150946                     0.472064364383
 359                    -0.294199409408                     0.479350745116
 360                    -0.063653019728                     0.479392741790
 361                     0.167016039406                     0.479785353480
 362                     0.629227949613                     0.480513196222
 363                     0.397802767896                     0.480518871558
 364                    -0.524648444763                     0.482542424341
 365                    -0.376713990339                     0.507641227192
 366                     0.084501458475                     0.508075835556
 367                    -0.145927261848                     0.508374745272
 368                     0.546713368681                     0.508803678297
 369                     0.315288186965                     0.508809353634
 370                    -0.607161621302                     0.510837900919
 371                     0.697014197311                     0.535413397179
 372                    -0.228441842779                     0.536665227348
 373                     0.002104546901                     0.536707224021
 374                     0.232773606034                     0.537099835711
 375                     0.464128019819                     0.537175454580
 376                    -0.691305724590                     0.537744912625
 377                     0.785257313201                     0.545933676491
 378                    -0.469119603487                     0.549814671433
 379                    -0.775850014049                     0.559222122920
 380                    -0.310956423710                     0.564955709423
 381                     0.150259025103                     0.565390317787
 382                    -0.080169695220                     0.565689227502
 383                     0.381151540408                     0.566144475588
 384                     0.615489442082                     0.566980355804
 385                    -0.553814067427                     0.579870375094
 386                    -0.393471004642                     0.593246191499
 387                    -0.162684276151                     0.593979709579
 388                     0.067862113530                     0.594021706252
 389                     0.529956354379                     0.594408642604
 390                     0.298531172663                     0.594414317941
 391                    -0.637126383941                     0.606108693161
 392                     0.732249590401                     0.615209853969
 393                    -0.245198857082                     0.622270191655
 394                     0.216016591733                     0.622704800018
 395                     0.447476792330                     0.622801058610
 396                    -0.014412128591                     0.623003709733
 397                    -0.721670673401                     0.627585903456
 398                    -0.485876617789                     0.635419635740
 399                    -0.327713438013                     0.650560673730
 400                    -0.096926709522                     0.651294191810
 401                     0.133619680159                     0.651336188483
 402                     0.364288840260                     0.651728684330
 403                     0.588263564127                     0.659287581665
 404                    -0.576943586577                     0.669251692328
 405                    -0.410228018944                     0.678851155805
 406                     0.673150406659                     0.679368204347
 407                    -0.179441290453                     0.679584673885
 408                     0.281774309167                     0.680019311768
 409                     0.051345438038                     0.680318191964
 410                    -0.661487876037                     0.690728902623
 411                     0.430614092182                     0.708385267352
 412                    -0.261779422647                     0.708386095660
 413                     0.517812376798                     0.710723343992
 414                    -0.028349687343                     0.715782179795
 415                     0.190436514028                     0.717524214827
 416                    -0.506177947918                     0.720253965096
 417                    -0.344470452316                     0.736165638037
 418                    -0.112949503608                     0.737039614498
 419                     0.598580322997                     0.745904969808
 420                     0.108162271907                     0.746506218308
 421                     0.356882164656                     0.755662833310
 422                    -0.585730031116                     0.756037669506
 423                    -0.430529349074                     0.763685485161
 424                     0.263421605414                     0.765296423042
 425                    -0.195464084539                     0.765330096574
 426                     0.034782454601                     0.793669868022
 427                     0.440930851052                     0.795002655496
 428                     0.528129135668                     0.797340732135
 429                    -0.052240117003                     0.799676487188
 430                    -0.512849568063                     0.807252092756
 431                    -0.267586962571                     0.814394318841
 432                    -0.354407993370                     0.822827352306
 433                     0.143366293083                     0.826316520497
 434                     0.317505006832                     0.833736127405
 435                     0.228518805833                     0.845238915021
 436                    -0.437075040304                     0.850669169658
 437                    -0.189171800936                     0.852605179443
 438                    -0.103714463113                     0.870099488649
 439                     0.396742307904                     0.870211565185
 440                     0.069986475776                     0.873480170211
 441                    -0.017018623503                     0.879734779853
 442                    -0.317844566302                     0.902024089887
 443                     0.282602207252                     0.913678619384
 444                     0.196289983937                     0.926296366754
 445                    -0.234336635459                     0.927231884884
 446                    -0.148879297636                     0.944726194089
 447                     0.112278559799                     0.949771631537
 448                    -0.062183458026                     0.954361485293
 449                     0.025226235294                     0.956052401332
