   1                    -0.017365536582                    -0.955485836577
   2                     0.088101314284                    -0.951636618272
   3                    -0.105833576668                    -0.949796398133
   4                     0.175838680906                    -0.939390681832
   5                    -0.200815604342                    -0.934369941655
   6                     0.262065222669                    -0.919073399616
   7                     0.346040071853                    -0.890859339900
   8                    -0.361350132784                    -0.884759954085
   9                    -0.272785849940                    -0.882716362790
  10                     0.032976276517                    -0.882289385651
  11                    -0.141419636665                    -0.868643786399
  12                    -0.053124656951                    -0.861446216096
  13                     0.200515994569                    -0.854309316942
  14                     0.112596202415                    -0.843450283434
  15                    -0.474338263328                    -0.829685064803
  16                     0.284754250524                    -0.826891718676
  17                     0.405672773128                    -0.825347895101
  18                     0.493967752843                    -0.818150324798
  19                    -0.390488520135                    -0.801101345181
  20                    -0.295902519721                    -0.797197779784
  21                    -0.207210727656                    -0.793010513777
  22                    -0.119053401573                    -0.782925877017
  23                    -0.549124351365                    -0.782199809226
  24                    -0.030758421859                    -0.775728306714
  25                     0.057980874303                    -0.773658512208
  26                     0.145831537571                    -0.761333166107
  27                     0.234150802851                    -0.754153379297
  28                     0.587955864935                    -0.753446743774
  29                     0.326404094902                    -0.748705409616
  30                    -0.457167619059                    -0.742777197286
  31                     0.414238375209                    -0.737175116297
  32                     0.502533354924                    -0.729977545993
  33                    -0.346283288306                    -0.724330869476
  34                    -0.257729149875                    -0.717256537013
  35                    -0.169434170160                    -0.710058966709
  36                    -0.081139190445                    -0.702861396405
  37                    -0.654248935232                    -0.696658040622
  38                     0.007155789270                    -0.695663826103
  39                    -0.565673551752                    -0.695171466557
  40                     0.095450768985                    -0.688466255799
  41                     0.183745749203                    -0.681268685734
  42                     0.272041261783                    -0.674077655240
  43                     0.625870076064                    -0.673382263163
  44                     0.360335708128                    -0.666873544888
  45                    -0.484959036607                    -0.658661529472
  46                     0.452152586338                    -0.657110635686
  47                    -0.396664056892                    -0.651463959168
  48                     0.540447566052                    -0.649913065382
  49                    -0.308109918460                    -0.644389626706
  50                     0.708489961338                    -0.641417235112
  51                    -0.219814938746                    -0.637192056402
  52                    -0.715944611172                    -0.633085624974
  53                    -0.131519959031                    -0.629994486098
  54                    -0.043224979317                    -0.622796915794
  55                     0.045070000398                    -0.615599345491
  56                    -0.618810356137                    -0.615467428031
  57                     0.133364980113                    -0.608401775188
  58                     0.221659959827                    -0.601204204884
  59                     0.309954939542                    -0.594006634580
  60                     0.398249919257                    -0.586809064276
  61                    -0.535339805193                    -0.585794619164
  62                    -0.447044825478                    -0.578597048861
  63                     0.490066797467                    -0.577046155074
  64                     0.764837646980                    -0.573059742590
  65                    -0.358490687046                    -0.571522716398
  66                     0.578361777181                    -0.569848584771
  67                    -0.270195707332                    -0.564325146094
  68                    -0.771488814010                    -0.564073669544
  69                     0.666707392349                    -0.563301773199
  70                    -0.181900727617                    -0.557127575791
  71                    -0.680506032077                    -0.551895012383
  72                    -0.093605747903                    -0.549930005487
  73                    -0.005310768188                    -0.542732435183
  74                     0.082984211527                    -0.535534864880
  75                     0.171279191242                    -0.528337294576
  76                    -0.597035481133                    -0.522222203516
  77                     0.259574170956                    -0.521139724273
  78                     0.347869150671                    -0.513942153969
  79                     0.436164130385                    -0.506744583665
  80                    -0.497425594064                    -0.505730138553
  81                     0.814613765297                    -0.499778459124
  82                    -0.408871455632                    -0.498655806090
  83                     0.527981008595                    -0.496981674463
  84                     0.723055077991                    -0.494944280678
  85                    -0.320576475918                    -0.491458235787
  86                     0.618446167108                    -0.488828053779
  87                    -0.232281496203                    -0.484260665483
  88                    -0.736050234915                    -0.482883056953
  89                    -0.825094418033                    -0.481863543098
  90                    -0.143986516488                    -0.477063095179
  91                    -0.055691536774                    -0.469865524876
  92                     0.032603442941                    -0.462667954572
  93                     0.120898422656                    -0.455470384268
  94                    -0.651867140465                    -0.451795175481
  95                     0.209193402370                    -0.448272813965
  96                    -0.559121270004                    -0.442157722905
  97                     0.297488382085                    -0.441075243661
  98                     0.385783361799                    -0.433877673358
  99                     0.474078341514                    -0.426680103054
 100                    -0.459252224218                    -0.425788895783
 101                     0.772831196307                    -0.421662997212
 102                     0.675632939625                    -0.420118153864
 103                    -0.370957244504                    -0.418591325479
 104                     0.565895219724                    -0.416917193852
 105                     0.861130719706                    -0.414521384724
 106                    -0.282662264789                    -0.411393755175
 107                    -0.194367285074                    -0.404196184872
 108                    -0.866425695844                    -0.403112851349
 109                    -0.768895541172                    -0.400609158797
 110                    -0.106072305360                    -0.396998614568
 111                    -0.017777325645                    -0.389801044264
 112                     0.070517654070                    -0.382603473960
 113                     0.158812633784                    -0.375405903657
 114                    -0.686032092398                    -0.369280939595
 115                     0.247107613499                    -0.368208333354
 116                    -0.597710594010                    -0.362416437902
 117                     0.335402593213                    -0.361010763050
 118                     0.423697572928                    -0.353813192746
 119                    -0.509632992804                    -0.352921985475
 120                     0.622791400060                    -0.349015550836
 121                     0.511992552643                    -0.346615622443
 122                    -0.421338013089                    -0.345724415171
 123                     0.718989391820                    -0.342865150595
 124                     0.807535813074                    -0.340155954350
 125                    -0.333043033375                    -0.338526844868
 126                     0.895830792788                    -0.332958384047
 127                    -0.244748053660                    -0.331329274564
 128                    -0.819282297777                    -0.327746389017
 129                    -0.156453073946                    -0.324131704260
 130                    -0.068158094231                    -0.316934133957
 131                     0.020136885484                    -0.309736563653
 132                    -0.905259323687                    -0.306397865026
 133                     0.108431865198                    -0.302538993349
 134                    -0.736422061950                    -0.296409672854
 135                     0.196726844913                    -0.295341423046
 136                    -0.648127082236                    -0.289212102550
 137                     0.285021824627                    -0.288143852742
 138                     0.373316804342                    -0.280946282438
 139                    -0.560013761390                    -0.280055075168
 140                     0.461611784057                    -0.273748712135
 141                    -0.471718781675                    -0.272857504864
 142                     0.549906763772                    -0.266551141831
 143                    -0.383423801961                    -0.265659934560
 144                     0.638367541199                    -0.261807797234
 145                    -0.295128822246                    -0.258462364257
 146                     0.726662520914                    -0.254610226931
 147                     0.815208942167                    -0.251901030685
 148                    -0.206833842531                    -0.251264793953
 149                     0.903503921882                    -0.244703460383
 150                    -0.118538862817                    -0.244067223649
 151                    -0.030243883102                    -0.236869653345
 152                     0.058051096612                    -0.229672083042
 153                    -0.790955700218                    -0.226484390761
 154                     0.146346076327                    -0.222474512738
 155                    -0.894162958260                    -0.218507711224
 156                    -0.698507850822                    -0.216345192243
 157                     0.234641056041                    -0.215276942434
 158                     0.322936035756                    -0.208079372131
 159                    -0.610394529976                    -0.207188164860
 160                     0.411231015470                    -0.200881801827
 161                    -0.522099550261                    -0.199990594556
 162                     0.499525995185                    -0.193684231523
 163                    -0.433804570546                    -0.192793024253
 164                     0.587820974899                    -0.186486661220
 165                    -0.345509590832                    -0.185595453949
 166                     0.676281752326                    -0.181743316622
 167                    -0.257214611117                    -0.178397883645
 168                     0.764576732040                    -0.174545746319
 169                     0.853123153294                    -0.171836550073
 170                    -0.168919631403                    -0.171200313341
 171                     0.941418133007                    -0.164638979770
 172                    -0.080624651688                    -0.164002743038
 173                     0.007670328026                    -0.156805172734
 174                    -0.837183599122                    -0.150675852239
 175                     0.095965307741                    -0.149607602430
 176                    -0.944543726846                    -0.145640800916
 177                    -0.748888619408                    -0.143478281935
 178                     0.184260287455                    -0.142410032127
 179                     0.272555267170                    -0.135212461823
 180                    -0.660775298562                    -0.134321254552
 181                     0.360850246884                    -0.128014891519
 182                    -0.572480318847                    -0.127123684249
 183                     0.449145226599                    -0.120817321215
 184                    -0.484185339132                    -0.119926113945
 185                     0.537440206313                    -0.113619750912
 186                    -0.395890359418                    -0.112728543641
 187                     0.625735186028                    -0.106422180608
 188                    -0.307595379703                    -0.105530973337
 189                     0.714195963455                    -0.101678836010
 190                    -0.219300399989                    -0.098333403034
 191                     0.802490943170                    -0.094481265707
 192                     0.891037364423                    -0.091772069462
 193                    -0.131005420274                    -0.091135832730
 194                    -0.042710440560                    -0.083938262426
 195                    -0.887564367708                    -0.077808941931
 196                     0.045584539155                    -0.076740692122
 197                    -0.799269387994                    -0.070611371628
 198                     0.133879518870                    -0.069543121819
 199                     0.222174498584                    -0.062345551515
 200                    -0.711156067147                    -0.061454344245
 201                     0.310469478299                    -0.055147981212
 202                    -0.622861087433                    -0.054256773941
 203                     0.398764458013                    -0.047950410908
 204                    -0.534566107718                    -0.047059203637
 205                     0.487059437728                    -0.040752840604
 206                    -0.446271128004                    -0.039861633334
 207                     0.575354417442                    -0.033555270301
 208                    -0.357976148289                    -0.032664063030
 209                     0.955212735372                    -0.030703827104
 210                     0.663649397157                    -0.026357699997
 211                    -0.269681168575                    -0.025466492726
 212                     0.752110174585                    -0.021614355399
 213                    -0.955476951487                    -0.020925821188
 214                    -0.181386188860                    -0.018268922422
 215                     0.844425990807                    -0.014821103492
 216                    -0.093091209145                    -0.011071352119
 217                    -0.004796229431                    -0.003873781815
 218                    -0.849650156580                     0.002255538680
 219                     0.083498750284                     0.003323788489
 220                     0.171793729999                     0.010521358793
 221                    -0.761536835733                     0.011412566063
 222                     0.260088709713                     0.017718929096
 223                    -0.673241856019                     0.018610136366
 224                     0.348383689428                     0.024916499400
 225                    -0.584946876304                     0.025807706670
 226                     0.436678669142                     0.032114069704
 227                    -0.496651896590                     0.033005276974
 228                     0.524973648857                     0.039311640007
 229                    -0.408356916875                     0.040202847278
 230                     0.613268628571                     0.046509210311
 231                    -0.320061937160                     0.047400417581
 232                     0.701563608286                     0.053706780614
 233                    -0.231766957446                     0.054597987885
 234                     0.953952080696                     0.057875059832
 235                     0.790024385713                     0.058450125212
 236                    -0.917562740358                     0.059138659424
 237                    -0.143471977731                     0.061795558189
 238                    -0.055176998017                     0.068993128493
 239                     0.033117981698                     0.076190698796
 240                     0.121412961413                     0.083388269100
 241                    -0.825934001507                     0.089486822132
 242                     0.209707941127                     0.090585839404
 243                    -0.723622624605                     0.091477046674
 244                     0.872106138916                     0.091772703927
 245                     0.298002920842                     0.097783409708
 246                    -0.635327644890                     0.098674616978
 247                     0.386297900556                     0.104980980011
 248                    -0.547032665175                     0.105872187282
 249                     0.474592880271                     0.112178550315
 250                    -0.458737685461                     0.113069757585
 251                     0.562887859986                     0.119376120619
 252                    -0.370442705746                     0.120267327889
 253                     0.651182839700                     0.126573690922
 254                    -0.282147726032                     0.127464898193
 255                     0.741887707154                     0.133511364830
 256                    -0.193852746317                     0.134662468496
 257                    -0.105557766602                     0.141860038800
 258                    -0.944885339359                     0.143407776215
 259                     0.944494967140                     0.145956678030
 260                    -0.017262786888                     0.149057609104
 261                     0.071032192827                     0.156255179408
 262                     0.159327172541                     0.163452749711
 263                    -0.774003393190                     0.164343956982
 264                     0.247622152256                     0.170650320015
 265                    -0.685708413476                     0.171541527286
 266                    -0.861989652070                     0.174650591225
 267                     0.335917131970                     0.177847890319
 268                    -0.597413433761                     0.178739097589
 269                     0.856543512616                     0.178982870328
 270                     0.424212111685                     0.185045460623
 271                    -0.509118454047                     0.185936667893
 272                     0.512507091400                     0.192243030926
 273                    -0.420823474332                     0.193134238197
 274                     0.600802071114                     0.199440601230
 275                    -0.332528494617                     0.200331808500
 276                     0.689097050828                     0.206638171534
 277                    -0.244233514903                     0.207529378804
 278                    -0.155938535188                     0.214726949108
 279                     0.776965229915                     0.217907224959
 280                    -0.067643555474                     0.221924519412
 281                     0.020651424241                     0.229122089715
 282                     0.926922651242                     0.232784220751
 283                    -0.926121905010                     0.235822307930
 284                     0.108946403956                     0.236319660019
 285                     0.197241383670                     0.243517230323
 286                    -0.736089182062                     0.244408437594
 287                     0.285536363385                     0.250714800626
 288                    -0.647794202347                     0.251606007897
 289                    -0.824075440941                     0.254715071837
 290                     0.373831343099                     0.257912370930
 291                    -0.559499222632                     0.258803578201
 292                     0.462126322814                     0.265109941234
 293                    -0.471204242918                     0.266001148504
 294                     0.847344368541                     0.271708575382
 295                     0.550421302529                     0.272307511538
 296                    -0.382909263203                     0.273198718808
 297                     0.638716282243                     0.279505081841
 298                    -0.294614283489                     0.280396289112
 299                    -0.206319303774                     0.287593859416
 300                     0.726584461330                     0.290774135267
 301                    -0.118024324060                     0.294791429719
 302                    -0.029729344345                     0.301989000023
 303                     0.058565635370                     0.309186570327
 304                     0.146860615084                     0.316384140630
 305                    -0.900241911432                     0.320611397788
 306                     0.235155594799                     0.323581710934
 307                    -0.703269261442                     0.327081026715
 308                     0.323450574513                     0.330779281238
 309                    -0.609879991218                     0.331670488508
 310                     0.411745554228                     0.337976851542
 311                    -0.521585011504                     0.338868058812
 312                    -0.813341672801                     0.342650245019
 313                     0.796963599956                     0.344575485690
 314                     0.500040533943                     0.345174421845
 315                    -0.433290031789                     0.346065629116
 316                     0.889448149341                     0.349651375584
 317                     0.588335513657                     0.352371992149
 318                    -0.344995052075                     0.353263199419
 319                    -0.256700072360                     0.360460769723
 320                    -0.168405092646                     0.367658340027
 321                     0.693518183225                     0.373058394139
 322                    -0.080110112931                     0.374855910331
 323                     0.008184866784                     0.382053480634
 324                     0.096479846498                     0.389251050938
 325                     0.184774826213                     0.396448621242
 326                    -0.748840987828                     0.403374787826
 327                     0.273069805928                     0.403646191545
 328                    -0.660260759804                     0.404537398816
 329                     0.361364785642                     0.410843761849
 330                    -0.571965780090                     0.411734969120
 331                     0.449659765357                     0.418041332153
 332                    -0.859244035621                     0.418418190409
 333                    -0.483670800375                     0.418932539423
 334                     0.537954745071                     0.425238902457
 335                    -0.395375820660                     0.426130109727
 336                     0.764729439882                     0.427090741161
 337                     0.853251407801                     0.430506829098
 338                     0.626249724786                     0.432436472760
 339                    -0.307080840946                     0.433327680031
 340                    -0.218785861231                     0.440525250334
 341                    -0.130490881517                     0.447722820638
 342                    -0.042195901802                     0.454920390942
 343                     0.046099077913                     0.462117961246
 344                     0.134394057627                     0.469315531549
 345                     0.222689037342                     0.476513101853
 346                     0.310984017056                     0.483710672157
 347                     0.697618695199                     0.484917693433
 348                    -0.623199606388                     0.485003406843
 349                    -0.728467508911                     0.489588068809
 350                     0.399278996771                     0.490908242461
 351                    -0.534051568961                     0.491799449731
 352                    -0.816809657145                     0.496181497851
 353                     0.487573976486                     0.498105812764
 354                    -0.445756589246                     0.498997020035
 355                    -0.357461609532                     0.506194590338
 356                     0.809511748876                     0.507653993928
 357                    -0.269166629817                     0.513392160642
 358                     0.593423816457                     0.516649031236
 359                    -0.180871650102                     0.520589730946
 360                    -0.092576670388                     0.527787301250
 361                    -0.004281690673                     0.534984871553
 362                     0.084013289041                     0.542182441857
 363                     0.172308268756                     0.549380012161
 364                     0.260603248470                     0.556577582464
 365                    -0.672805684550                     0.558505191281
 366                     0.348898228185                     0.563775152768
 367                    -0.584432337547                     0.564666360039
 368                     0.667169111526                     0.568108025294
 369                    -0.767357162242                     0.569681560497
 370                     0.437193207899                     0.570972723072
 371                    -0.496137357832                     0.571863930342
 372                     0.525488187614                     0.578170293376
 373                    -0.407842378118                     0.579061500646
 374                     0.758961685206                     0.580480190378
 375                    -0.319547398403                     0.586259070950
 376                    -0.231252418688                     0.593456641253
 377                    -0.142957438974                     0.600654211557
 378                    -0.054662459259                     0.607851781861
 379                     0.033632520455                     0.615049352164
 380                     0.121927500170                     0.622246922468
 381                     0.600080026244                     0.625960104747
 382                     0.210222479884                     0.629444492772
 383                     0.298517459599                     0.636642063076
 384                    -0.711311452068                     0.638286857903
 385                    -0.622938105065                     0.644448026660
 386                     0.386524769177                     0.646767374032
 387                     0.700421567950                     0.650218211038
 388                     0.475007371115                     0.651084504486
 389                    -0.458223146703                     0.651928410954
 390                    -0.369928166989                     0.659125981257
 391                    -0.281633187274                     0.666323551561
 392                    -0.193338207560                     0.673521121865
 393                    -0.542051441639                     0.680574971466
 394                    -0.105043227845                     0.680718692169
 395                     0.066489138500                     0.697318733539
 396                     0.549650892649                     0.698793551363
 397                     0.157162378450                     0.703526143759
 398                    -0.021258344051                     0.709491973330
 399                     0.245457358164                     0.710723714063
 400                     0.637206204920                     0.712279683289
 401                     0.333752337879                     0.717921284367
 402                    -0.613781625315                     0.732561404417
 403                    -0.332013955860                     0.739190461869
 404                     0.467489129059                     0.739352757541
 405                    -0.444809926529                     0.742786701290
 406                    -0.243718976145                     0.746388032172
 407                    -0.152111926343                     0.756067024372
 408                    -0.532894961890                     0.768688349222
 409                     0.106631975244                     0.776289368075
 410                     0.195076589578                     0.783590624370
 411                     0.391584022690                     0.785027950898
 412                     0.542132650594                     0.787061804419
 413                     0.018884492693                     0.788462607867
 414                    -0.071705119923                     0.793254732794
 415                     0.304563127714                     0.804823278651
 416                    -0.384715322995                     0.810397023105
 417                    -0.294217879155                     0.819310777936
 418                    -0.205922899441                     0.826508348240
 419                    -0.470688499991                     0.831761041881
 420                     0.466926407628                     0.833878782962
 421                     0.137294608755                     0.859401409124
 422                     0.225576092277                     0.866762667727
 423                    -0.127121040026                     0.866981492593
 424                     0.049547126204                     0.871574648915
 425                     0.387708282746                     0.873530985315
 426                    -0.038950557582                     0.875570700163
 427                    -0.346919246290                     0.890517339173
 428                    -0.258901871776                     0.900554781308
 429                     0.305158926600                     0.905677715488
 430                    -0.178992514173                     0.938794852289
 431                     0.175060313562                     0.939536045839
 432                    -0.089913261411                     0.951285262905
 433                     0.087312831011                     0.951709285631
 434                    -0.001184852776                     0.955705336879
