   1                     0.013827913284                    -0.954462306973
   2                    -0.083766760031                    -0.951141828031
   3                     0.104622886244                    -0.949074127132
   4                    -0.173295819601                    -0.938965497782
   5                     0.193863123799                    -0.934935685674
   6                    -0.316870375044                    -0.900711281453
   7                     0.336721375421                    -0.893479917206
   8                    -0.034618483836                    -0.875325190855
   9                     0.055707564916                    -0.873106983805
  10                    -0.231843429756                    -0.870147673996
  11                    -0.400588959566                    -0.866727253864
  12                     0.250994688884                    -0.864937830018
  13                    -0.124147543405                    -0.863148860607
  14                     0.144947802471                    -0.858968542349
  15                     0.419667556844                    -0.857651904242
  16                     0.007755742115                    -0.795524561153
  17                    -0.533883586627                    -0.791616045218
  18                    -0.353149097693                    -0.789285283487
  19                    -0.443634095494                    -0.787286509918
  20                    -0.172191240135                    -0.785374061310
  21                    -0.262772922297                    -0.785253139326
  22                    -0.081773317455                    -0.783348230905
  23                     0.097136260744                    -0.782301913341
  24                     0.189459222995                    -0.780339991754
  25                     0.550970731654                    -0.779819786859
  26                     0.279806535712                    -0.779301429999
  27                     0.370209960180                    -0.778461487445
  28                     0.460657452692                    -0.777131447437
  29                    -0.606318616068                    -0.737607878840
  30                     0.622214248229                    -0.724249319238
  31                    -0.492508328617                    -0.711292925568
  32                    -0.399236587187                    -0.708593582778
  33                    -0.308889274470                    -0.707555021022
  34                    -0.218193707398                    -0.706663005564
  35                    -0.127846394681                    -0.705624443808
  36                    -0.037499081960                    -0.704585882051
  37                     0.052848230757                    -0.703547320297
  38                     0.143253921354                    -0.702694433445
  39                     0.233733458491                    -0.701577642900
  40                     0.324080771208                    -0.700539081146
  41                     0.508142262407                    -0.700262023268
  42                     0.414428083925                    -0.699500519392
  43                    -0.624364475827                    -0.649075046109
  44                     0.638046985657                    -0.635294049854
  45                    -0.713530743058                    -0.634477364315
  46                    -0.535656977127                    -0.631908357436
  47                    -0.445309664410                    -0.630869795680
  48                    -0.354962351693                    -0.629831233923
  49                    -0.264310059571                    -0.628964887260
  50                    -0.173919471903                    -0.627900656710
  51                    -0.083572159186                    -0.626862094954
  52                     0.006775153536                    -0.625823533197
  53                     0.097313068553                    -0.624892417554
  54                     0.187660381270                    -0.623853855800
  55                     0.278007693987                    -0.622815294046
  56                     0.368355006704                    -0.621776732292
  57                     0.458702319421                    -0.620738170538
  58                     0.549049632138                    -0.619699608784
  59                     0.726932963712                    -0.619076823492
  60                    -0.770308338302                    -0.564192087023
  61                    -0.585313651903                    -0.556423722072
  62                    -0.491382741633                    -0.553146008581
  63                    -0.401035428916                    -0.552107446825
  64                    -0.310383136793                    -0.551241100162
  65                    -0.679518709480                    -0.550770153768
  66                    -0.220035824076                    -0.550202538406
  67                    -0.129645236408                    -0.549138307856
  68                    -0.039297923689                    -0.548099746101
  69                     0.782194859400                    -0.547593689742
  70                     0.051239991332                    -0.547168630455
  71                     0.141587304049                    -0.546130068701
  72                     0.231934616766                    -0.545091506947
  73                     0.322281929483                    -0.544052945193
  74                     0.412629242200                    -0.543014383439
  75                     0.502976554917                    -0.541975821685
  76                     0.594047652182                    -0.541348516145
  77                     0.685515187384                    -0.538775619705
  78                    -0.736296304724                    -0.480484876476
  79                    -0.826890544782                    -0.477039614883
  80                    -0.627800305311                    -0.476682893082
  81                    -0.537455818856                    -0.475422221483
  82                    -0.447108506138                    -0.474383659727
  83                    -0.356456214016                    -0.473517313063
  84                    -0.266108901299                    -0.472478751307
  85                    -0.175761588581                    -0.471440189551
  86                    -0.085371000912                    -0.470375959002
  87                     0.005166914107                    -0.469444843358
  88                     0.095514226828                    -0.468406281601
  89                     0.831758569330                    -0.467614982142
  90                     0.185861539545                    -0.467367719847
  91                     0.740777083071                    -0.467292485955
  92                     0.276208852262                    -0.466329158093
  93                     0.366556164979                    -0.465290596339
  94                     0.456903477696                    -0.464252034585
  95                     0.547250790413                    -0.463213472831
  96                     0.637598103130                    -0.462174911077
  97                    -0.684577900555                    -0.406397615790
  98                    -0.778190809343                    -0.400431356825
  99                    -0.583719835714                    -0.397811936921
 100                    -0.868470872770                    -0.396794644957
 101                    -0.493181583362                    -0.396659872628
 102                    -0.402529291239                    -0.395793525965
 103                    -0.312181978522                    -0.394754964209
 104                    -0.221834665804                    -0.393716402453
 105                    -0.131487353084                    -0.392677840698
 106                    -0.040906163116                    -0.391721056259
 107                     0.692859998818                    -0.390691777326
 108                     0.049441149603                    -0.390682494504
 109                     0.139788462324                    -0.389643932748
 110                     0.230135775041                    -0.388605370994
 111                     0.784097627476                    -0.388001591407
 112                     0.320483087758                    -0.387566809240
 113                     0.410830400476                    -0.386528247486
 114                     0.501177713192                    -0.385489685732
 115                     0.591525025910                    -0.384451123978
 116                     0.874347147724                    -0.383672663064
 117                    -0.721765854258                    -0.324052174963
 118                    -0.631460771417                    -0.321101321072
 119                    -0.539445600220                    -0.319049588066
 120                    -0.448602368463                    -0.318069738867
 121                    -0.358255055745                    -0.317031177110
 122                    -0.811808382996                    -0.316564949561
 123                    -0.267907743027                    -0.315992615355
 124                    -0.177560430307                    -0.314954053600
 125                    -0.087022515288                    -0.314022937955
 126                     0.003368072380                    -0.312958707406
 127                    -0.902088446424                    -0.312928237693
 128                     0.093715385099                    -0.311920145651
 129                     0.184062697820                    -0.310881583894
 130                     0.274410010537                    -0.309843022140
 131                     0.364757323255                    -0.308804460386
 132                     0.455104635972                    -0.307765898632
 133                     0.545451948689                    -0.306727336878
 134                     0.726146955651                    -0.306693598593
 135                     0.635799261406                    -0.305688775124
 136                     0.816448571758                    -0.303638495626
 137                     0.906698092007                    -0.299309567284
 138                    -0.675865424882                    -0.242412425563
 139                    -0.585518677443                    -0.241325800968
 140                    -0.494866385321                    -0.240459454304
 141                    -0.404328132968                    -0.239307390012
 142                    -0.766138392026                    -0.238603629341
 143                    -0.313980820249                    -0.238268828256
 144                    -0.223633507530                    -0.237230266501
 145                    -0.133095592511                    -0.236299150857
 146                    -0.042748279792                    -0.235260589102
 147                    -0.856418455453                    -0.234966917473
 148                     0.047642307876                    -0.234196358552
 149                     0.137989620595                    -0.233157796797
 150                     0.228336933316                    -0.232119235041
 151                     0.318684246034                    -0.231080673287
 152                     0.409031558751                    -0.230042111532
 153                     0.499378871468                    -0.229003549779
 154                     0.589726184185                    -0.227964988024
 155                     0.680073496903                    -0.226926426271
 156                     0.770420809620                    -0.225887864514
 157                     0.874431047753                    -0.214914345969
 158                    -0.935478520365                    -0.191226528107
 159                    -0.631633095666                    -0.163626534835
 160                    -0.540939462544                    -0.162735667206
 161                    -0.450592149826                    -0.161697105450
 162                    -0.360053897472                    -0.160545041158
 163                    -0.269706584753                    -0.159506479403
 164                    -0.179168669734                    -0.158575363758
 165                    -0.088821357015                    -0.157536802003
 166                     0.001525955704                    -0.156498240248
 167                     0.091916543372                    -0.155434009699
 168                     0.942143415960                    -0.155091685400
 169                     0.182263856091                    -0.154395447943
 170                     0.272611168812                    -0.153356886187
 171                    -0.738670476519                    -0.152526750079
 172                     0.362958481530                    -0.152318324433
 173                     0.453305794247                    -0.151279762679
 174                     0.543653106964                    -0.150241200924
 175                     0.634000419681                    -0.149202639170
 176                     0.724347732398                    -0.148164077415
 177                     0.814695045115                    -0.147125515660
 178                    -0.852151717703                    -0.142994926364
 179                    -0.949365314348                    -0.101946785284
 180                    -0.677664806254                    -0.085878241310
 181                    -0.587053905865                    -0.085036386828
 182                    -0.496665227050                    -0.083973318352
 183                    -0.406317914331                    -0.082934756596
 184                    -0.315779661976                    -0.081782692305
 185                    -0.225241746957                    -0.080851576660
 186                    -0.134894434238                    -0.079813014905
 187                    -0.044547121519                    -0.078774453150
 188                     0.045800191200                    -0.077735891394
 189                     0.136190778869                    -0.076671660845
 190                     0.226538091587                    -0.075633099090
 191                    -0.785083408020                    -0.075005428399
 192                     0.316885404308                    -0.074594537334
 193                     0.407232717027                    -0.073555975580
 194                     0.497580029744                    -0.072517413825
 195                     0.587927342460                    -0.071478852071
 196                     0.678274655177                    -0.070440290316
 197                     0.768621967895                    -0.069401728561
 198                     0.860717635322                    -0.069371823038
 199                     0.952584821389                    -0.065343746268
 200                    -0.872911862043                    -0.053795096254
 201                    -0.954751007783                    -0.011754159023
 202                    -0.724077737756                    -0.008356919629
 203                    -0.633085616988                    -0.007288093008
 204                    -0.542738304271                    -0.006249531253
 205                    -0.452390991554                    -0.005210969498
 206                    -0.362043678834                    -0.004172407743
 207                    -0.271314824180                    -0.003127789562
 208                    -0.180967511461                    -0.002089227807
 209                    -0.090620198742                    -0.001050666051
 210                    -0.000272886023                    -0.000012104296
 211                     0.090074426696                     0.001026457459
 212                     0.180465014365                     0.002090688009
 213                     0.270812327084                     0.003129249764
 214                     0.361159639805                     0.004167811519
 215                     0.451506952522                     0.005206373274
 216                     0.541854265239                     0.006244935029
 217                     0.632201577956                     0.007283496783
 218                     0.722548890673                     0.008322058538
 219                     0.812896203390                     0.009360620294
 220                     0.903244092300                     0.010347785482
 221                    -0.871586660503                     0.036548466696
 222                    -0.784110791702                     0.059168986212
 223                    -0.679498548490                     0.070233228673
 224                    -0.588811381493                     0.071474255846
 225                    -0.498464068776                     0.072512817601
 226                    -0.408116756058                     0.073551379355
 227                    -0.317578841039                     0.074482495000
 228                    -0.227040588684                     0.075634559292
 229                    -0.136693275965                     0.076673121047
 230                    -0.046345963246                     0.077711682802
 231                    -0.951587374428                     0.078543719965
 232                     0.044001349473                     0.078750244557
 233                     0.134348662192                     0.079788806313
 234                     0.224739249861                     0.080853036862
 235                     0.315086562581                     0.081891598617
 236                     0.405433875300                     0.082930160373
 237                     0.495781188017                     0.083968722129
 238                     0.586128500734                     0.085007283884
 239                     0.676475813451                     0.086045845638
 240                     0.766823126168                     0.087084407392
 241                     0.950837817732                     0.087149822078
 242                     0.859671166441                     0.089653596338
 243                    -0.847438670650                     0.123615051054
 244                    -0.739531602436                     0.137759134514
 245                    -0.635224312995                     0.148995577527
 246                    -0.544537145998                     0.150236604700
 247                    -0.454189833279                     0.151275166455
 248                    -0.363651918262                     0.152206282098
 249                    -0.273304605542                     0.153244843854
 250                    -0.182766353188                     0.154396908145
 251                    -0.092419040469                     0.155435469901
 252                    -0.002071727750                     0.156474031656
 253                     0.088275584969                     0.157512593411
 254                     0.178622897688                     0.158551155166
 255                     0.269013485358                     0.159615385715
 256                     0.359360798076                     0.160653947471
 257                     0.449708110794                     0.161692509228
 258                     0.540055423511                     0.162731070983
 259                     0.630402736228                     0.163769632740
 260                     0.720750048945                     0.164808194492
 261                     0.811097361662                     0.165846756247
 262                    -0.939902743068                     0.168138278481
 263                     0.938343073839                     0.176634999067
 264                    -0.861406259328                     0.212882189421
 265                    -0.771540199198                     0.222252715684
 266                    -0.681297390216                     0.226719364626
 267                    -0.590950077499                     0.227757926381
 268                    -0.500262910501                     0.228998953554
 269                    -0.409724995484                     0.229930069198
 270                    -0.319377682766                     0.230968630952
 271                    -0.229030370047                     0.232007192707
 272                    -0.138492117692                     0.233159256999
 273                    -0.048144804973                     0.234197818754
 274                     0.869319625896                     0.234940051676
 275                     0.042202507746                     0.235236380509
 276                     0.132549820465                     0.236274942265
 277                     0.222897133186                     0.237313504019
 278                     0.313287720853                     0.238377734569
 279                     0.403635033570                     0.239416296326
 280                     0.493982346288                     0.240454858082
 281                     0.584329659005                     0.241493419838
 282                     0.674676971722                     0.242531981595
 283                     0.765024284440                     0.243570543346
 284                    -0.910023844211                     0.289040222259
 285                    -0.820157784081                     0.298410748523
 286                    -0.727370467437                     0.304443151726
 287                    -0.637023154720                     0.305481713480
 288                    -0.546675842003                     0.306520275234
 289                    -0.455798072705                     0.307653856297
 290                    -0.365450759987                     0.308692418051
 291                    -0.275103447270                     0.309730979805
 292                    -0.184756134550                     0.310769541561
 293                    -0.094217882196                     0.311921605852
 294                    -0.003870569477                     0.312960167608
 295                     0.086476743242                     0.313998729363
 296                     0.176824055963                     0.315037291117
 297                     0.267171368681                     0.316075852873
 298                     0.357561956347                     0.317140083424
 299                     0.447909269064                     0.318178645180
 300                     0.538256581781                     0.319217206937
 301                     0.899576956984                     0.320076468332
 302                     0.628603894498                     0.320255768693
 303                     0.809252504276                     0.322358741040
 304                     0.718904543644                     0.323339320137
 305                    -0.874499096820                     0.372722594125
 306                    -0.778790360579                     0.378737903324
 307                    -0.592748919224                     0.384244062333
 308                    -0.502211004207                     0.385175177977
 309                    -0.688619628958                     0.386335215883
 310                    -0.411523837209                     0.386416205150
 311                    -0.321176524491                     0.387454766905
 312                    -0.230829211774                     0.388493328659
 313                    -0.140481899054                     0.389531890414
 314                    -0.049943646700                     0.390683954706
 315                     0.040403666019                     0.391722516461
 316                     0.130750978740                     0.392761078215
 317                     0.221098291458                     0.393799639972
 318                     0.311445604175                     0.394838201728
 319                     0.401836191841                     0.395902432279
 320                     0.492183504558                     0.396940994035
 321                     0.582530817275                     0.397979555791
 322                     0.865294960771                     0.403673479412
 323                     0.774970508063                     0.405955752119
 324                     0.683701148226                     0.406552519071
 325                    -0.837356003144                     0.457449889564
 326                    -0.638633644234                     0.462079192811
 327                    -0.548284081428                     0.462898965077
 328                    -0.747183965022                     0.463382757187
 329                    -0.457936768711                     0.463937526831
 330                    -0.367249601713                     0.465178554004
 331                    -0.276902288995                     0.466217115758
 332                    -0.186554976278                     0.467255677513
 333                    -0.096207663558                     0.468294239268
 334                    -0.005669411204                     0.469446303560
 335                     0.084677901518                     0.470484865314
 336                     0.175025214235                     0.471523427070
 337                     0.265372526952                     0.472561988827
 338                     0.355719839669                     0.473600550583
 339                     0.446110427335                     0.474664781134
 340                     0.536457740052                     0.475703342890
 341                     0.626805052769                     0.476741904646
 342                     0.822737666787                     0.483726974868
 343                     0.729845700702                     0.484233892659
 344                    -0.692041441030                     0.534958015297
 345                    -0.504009845932                     0.541661313930
 346                    -0.413662533215                     0.542699875684
 347                    -0.598631865521                     0.543148843345
 348                    -0.322975366217                     0.543940902857
 349                    -0.232628053499                     0.544979464612
 350                    -0.142280740782                     0.546018026366
 351                    -0.783107622768                     0.546287560063
 352                    -0.051933428063                     0.547056588122
 353                     0.038604824295                     0.548208652412
 354                     0.128952137012                     0.549247214169
 355                     0.219299449729                     0.550285775925
 356                     0.309646762446                     0.551324337681
 357                     0.399994075163                     0.552362899438
 358                     0.490384662829                     0.553427129988
 359                     0.672949605245                     0.554423278234
 360                     0.582170420905                     0.555363003625
 361                     0.769355371607                     0.565490901161
 362                    -0.727965098776                     0.617862818173
 363                    -0.550082923153                     0.619385101030
 364                    -0.459735610436                     0.620423662784
 365                    -0.369388297719                     0.621462224538
 366                    -0.278701130720                     0.622703251711
 367                    -0.188353818003                     0.623741813465
 368                    -0.098006505286                     0.624780375220
 369                    -0.007659192564                     0.625818936974
 370                     0.082879059789                     0.626971001267
 371                     0.173226372506                     0.628009563023
 372                     0.263573685223                     0.629048124780
 373                     0.353920997940                     0.630086686536
 374                     0.444268310657                     0.631125248293
 375                     0.534615031021                     0.632214121652
 376                    -0.639160023865                     0.634517372980
 377                     0.712459276150                     0.635680286736
 378                     0.623226858970                     0.649868001486
 379                    -0.415461374940                     0.699186011637
 380                    -0.508783145439                     0.699747056497
 381                    -0.325114062223                     0.700224573391
 382                    -0.234426895224                     0.701465600565
 383                    -0.144079582507                     0.702504162319
 384                    -0.053732269787                     0.703542724072
 385                     0.036615042930                     0.704581285829
 386                     0.127010061976                     0.705813698147
 387                     0.217500608000                     0.706771911878
 388                     0.307847920717                     0.707810473634
 389                     0.398195233434                     0.708849035391
 390                     0.491847411149                     0.711804612392
 391                    -0.623153305506                     0.723441500713
 392                     0.605318593832                     0.738428769129
 393                    -0.461657113873                     0.776836956449
 394                    -0.280839826727                     0.778986922245
 395                    -0.551981941390                     0.779104346988
 396                    -0.190214702605                     0.780780090849
 397                    -0.371271052466                     0.781256093137
 398                    -0.099805347008                     0.781266511171
 399                     0.079079035782                     0.784334184439
 400                     0.171427530777                     0.784495698976
 401                     0.261774843494                     0.785534260733
 402                     0.442584333506                     0.787546705753
 403                     0.352116850910                     0.789024924803
 404                     0.532810449315                     0.792338735780
 405                    -0.010581027717                     0.795505063509
 406                    -0.420472068027                     0.857257771692
 407                    -0.144002386380                     0.860072204090
 408                     0.125117452210                     0.862078507309
 409                    -0.251852044029                     0.864563928386
 410                     0.399763212999                     0.867108424967
 411                     0.230975629285                     0.870476146336
 412                     0.035575083122                     0.874156572714
 413                    -0.054778067089                     0.874310756427
 414                    -0.337559538914                     0.893163593528
 415                     0.316012296388                     0.901012694499
 416                    -0.194911918256                     0.934717599726
 417                     0.172265207229                     0.939155123233
 418                    -0.105687598965                     0.948956152065
 419                     0.082722838142                     0.951233188638
 420                    -0.010745767157                     0.953350562637
