   1                     0.043194742352                    -0.954550849817
   2                    -0.045749856271                    -0.954431800238
   3                     0.142614182134                    -0.944825013274
   4                    -0.157366572508                    -0.942480170885
   5                     0.229849449518                    -0.927470938203
   6                    -0.244319895776                    -0.923764525830
   7                    -0.333696825435                    -0.895365359265
   8                     0.363798004174                    -0.883563310020
   9                    -0.094211966107                    -0.879849096430
  10                     0.085738989116                    -0.876441036962
  11                    -0.003205609516                    -0.876321987377
  12                     0.279923919095                    -0.853961052517
  13                    -0.178071957162                    -0.850206935622
  14                    -0.409122203000                    -0.848224664928
  15                     0.191225255873                    -0.847350232624
  16                     0.444385851432                    -0.845896598718
  17                    -0.266108590888                    -0.837529912349
  18                    -0.492986813348                    -0.818533513376
  19                     0.524093530101                    -0.798973768256
  20                     0.365151978503                    -0.794628937865
  21                     0.119838683007                    -0.794292594046
  22                     0.030894084384                    -0.794173544465
  23                    -0.103865721287                    -0.791429863183
  24                    -0.341525195263                    -0.790375998601
  25                     0.281277893424                    -0.765026680362
  26                    -0.187753529395                    -0.761790743914
  27                    -0.425384378673                    -0.760731553002
  28                     0.445712651062                    -0.756931009092
  29                    -0.596903569069                    -0.746149609587
  30                     0.194427361778                    -0.745839680860
  31                     0.605299510167                    -0.739354863138
  32                    -0.035304279238                    -0.734768726051
  33                    -0.272357218664                    -0.734258517001
  34                    -0.509243562082                    -0.731087107403
  35                     0.521313188062                    -0.710072556255
  36                     0.352167863805                    -0.706637071409
  37                     0.115171568686                    -0.705470446803
  38                    -0.120151094720                    -0.703988783540
  39                    -0.355449521447                    -0.702528010933
  40                    -0.663697165099                    -0.687414855595
  41                     0.671424932852                    -0.679868862501
  42                     0.267273585472                    -0.677191407517
  43                     0.031310523365                    -0.675831268766
  44                    -0.204010278129                    -0.674344337941
  45                    -0.439308704857                    -0.672883565334
  46                     0.432728536364                    -0.668939142635
  47                     0.587438610748                    -0.650586555618
  48                     0.183197584115                    -0.648167593280
  49                    -0.052548660045                    -0.646186823167
  50                    -0.287869461539                    -0.644699892342
  51                    -0.523167888267                    -0.643239119735
  52                     0.334876020147                    -0.619389447143
  53                     0.098909327153                    -0.618025062148
  54                     0.505026205162                    -0.617129849227
  55                    -0.136407843454                    -0.616542377567
  56                    -0.371728644949                    -0.615055446742
  57                     0.731732661537                    -0.614492003767
  58                    -0.607027071676                    -0.613594674135
  59                    -0.695489618398                    -0.604346235105
  60                     0.250370945238                    -0.589867547374
  61                     0.015050143743                    -0.588380616549
  62                    -0.220267026864                    -0.586897931968
  63                    -0.455587828358                    -0.585411001143
  64                     0.647746339432                    -0.585209696885
  65                     0.415436692707                    -0.581691518369
  66                    -0.773308683699                    -0.561272474267
  67                     0.166511761828                    -0.560223101775
  68                    -0.068809039666                    -0.558736170950
  69                    -0.304126210274                    -0.557253486368
  70                    -0.539447011768                    -0.555766555544
  71                     0.565333933847                    -0.551752990493
  72                     0.785700147990                    -0.543790757647
  73                     0.317973379913                    -0.532065587001
  74                     0.082652578418                    -0.530578656176
  75                    -0.152668223076                    -0.529091725350
  76                    -0.387985393683                    -0.527609040769
  77                    -0.627870185257                    -0.527126642972
  78                     0.481474750437                    -0.522108544893
  79                     0.701357181157                    -0.514237635856
  80                     0.234114196503                    -0.502421141401
  81                    -0.001206604991                    -0.500934210576
  82                    -0.236527406486                    -0.499447279751
  83                    -0.471844577093                    -0.497964595170
  84                    -0.711625964452                    -0.497191291823
  85                     0.397615567027                    -0.492464099294
  86                    -0.822147511038                    -0.486935910308
  87                     0.618944775571                    -0.480780929464
  88                     0.150255013093                    -0.472776695802
  89                    -0.085065788401                    -0.471289764977
  90                    -0.320386589896                    -0.469802834152
  91                    -0.555703760503                    -0.468320149571
  92                     0.768959615832                    -0.456435675482
  93                     0.535085592161                    -0.451136483865
  94                     0.301716631178                    -0.444619181028
  95                     0.066395829684                    -0.443132250202
  96                    -0.168924971811                    -0.441645319377
  97                    -0.404245773305                    -0.440158388552
  98                    -0.639665542305                    -0.438967551840
  99                     0.853662188155                    -0.429294746263
 100                     0.686547210246                    -0.422978969090
 101                     0.451226408752                    -0.421492038265
 102                     0.217857447768                    -0.414974735428
 103                    -0.017463353726                    -0.413487804603
 104                    -0.252784155221                    -0.412000873778
 105                    -0.488104956715                    -0.410513942953
 106                    -0.723421321500                    -0.409032200690
 107                    -0.811752185440                    -0.398600792700
 108                     0.602688026836                    -0.393334523491
 109                     0.369319065853                    -0.386817220654
 110                     0.133998264359                    -0.385330289829
 111                    -0.101322537136                    -0.383843359004
 112                    -0.336643338630                    -0.382356428179
 113                    -0.571965991256                    -0.380874734258
 114                     0.518828843427                    -0.363690077891
 115                     0.778041486556                    -0.359820157682
 116                     0.285459882443                    -0.357172775054
 117                     0.050139080949                    -0.355685844229
 118                    -0.185181720545                    -0.354198913404
 119                    -0.888006461352                    -0.352813881885
 120                    -0.420502522040                    -0.352711982579
 121                    -0.655823323332                    -0.351225051991
 122                     0.889881147089                    -0.348058407038
 123                     0.670290461512                    -0.335532563117
 124                     0.436921500528                    -0.329015260280
 125                     0.201600699034                    -0.327528329455
 126                    -0.033720102461                    -0.326041398630
 127                    -0.269040903955                    -0.324554467805
 128                    -0.504361705450                    -0.323067536980
 129                    -0.741067474175                    -0.321855484186
 130                     0.586431278102                    -0.305888117518
 131                     0.353062317119                    -0.299370814681
 132                     0.117741515624                    -0.297883883856
 133                    -0.117579285870                    -0.296396953031
 134                    -0.352900087365                    -0.294910022205
 135                    -0.588220888859                    -0.293423091380
 136                    -0.825603337006                    -0.289434028077
 137                     0.827146892545                    -0.285006292847
 138                     0.738448845018                    -0.278387217245
 139                     0.504523935203                    -0.271213299907
 140                     0.269203133709                    -0.269726369081
 141                    -0.916965171666                    -0.268715434253
 142                     0.033882332214                    -0.268239438256
 143                    -0.201438469280                    -0.266752507431
 144                    -0.436759270775                    -0.265265576606
 145                     0.918389554989                    -0.263806246970
 146                    -0.672080072373                    -0.263778646074
 147                     0.654033712777                    -0.248086157144
 148                     0.420664751794                    -0.241568854307
 149                     0.185343950299                    -0.240081923482
 150                    -0.049976851195                    -0.238594992657
 151                    -0.285297652690                    -0.237108061832
 152                    -0.520618454184                    -0.235621131007
 153                    -0.755939254342                    -0.234134196399
 154                     0.572126369878                    -0.213411339533
 155                     0.336805568384                    -0.211924408708
 156                     0.101484766889                    -0.210437477883
 157                    -0.133836034605                    -0.208950547057
 158                    -0.369156836099                    -0.207463616232
 159                    -0.604477637839                    -0.205976685453
 160                    -0.854562047318                    -0.205335580445
 161                     0.848633256571                    -0.198695853397
 162                     0.722192096283                    -0.190940811272
 163                     0.488267186469                    -0.183766893933
 164                     0.252946384974                    -0.182279963108
 165                     0.017625583480                    -0.180793032283
 166                    -0.217695218015                    -0.179306101458
 167                    -0.453016019509                    -0.177819170633
 168                     0.938940395122                    -0.177268285550
 169                    -0.688348240882                    -0.176318880985
 170                    -0.938359009646                    -0.174599806229
 171                     0.640284753385                    -0.156265993661
 172                     0.404408003059                    -0.154122448334
 173                     0.169087201565                    -0.152635517509
 174                    -0.066233599930                    -0.151148586684
 175                    -0.784888026556                    -0.150015375350
 176                    -0.301554401424                    -0.149661655859
 177                    -0.536875202919                    -0.148174725033
 178                     0.789235396643                    -0.132491246057
 179                     0.555869621144                    -0.125964933560
 180                     0.320548819649                    -0.124478002735
 181                     0.085228018155                    -0.122991071909
 182                    -0.150092783340                    -0.121504141084
 183                    -0.385413584834                    -0.120017210259
 184                    -0.620734386328                    -0.118530279433
 185                    -0.869302639267                    -0.117620868190
 186                     0.876269198411                    -0.114153494100
 187                     0.707328053745                    -0.097816428446
 188                     0.472010437734                    -0.096320487960
 189                     0.236689636240                    -0.094833557135
 190                     0.001368834745                    -0.093346626310
 191                    -0.233951966749                    -0.091859695485
 192                    -0.469272768244                    -0.090372764660
 193                    -0.705743200163                    -0.089091756828
 194                    -0.951796066643                    -0.084364436681
 195                     0.953019550318                    -0.069050298538
 196                     0.623472055819                    -0.068162973186
 197                     0.388151254324                    -0.066676042361
 198                     0.152830452830                    -0.065189111536
 199                    -0.082490348665                    -0.063702180711
 200                    -0.317811150159                    -0.062215249885
 201                    -0.790210322035                    -0.061226704887
 202                    -0.553131951653                    -0.060728319060
 203                     0.774930488420                    -0.040014468072
 204                     0.539612872409                    -0.038518527587
 205                     0.304292070915                    -0.037031596761
 206                     0.068971269420                    -0.035544665936
 207                    -0.166349532074                    -0.034057735111
 208                    -0.401670333569                    -0.032570804286
 209                    -0.636991135064                    -0.031083873461
 210                    -0.873023625994                    -0.028754057429
 211                     0.862801218335                    -0.026234387475
 212                     0.691074490494                    -0.010361012812
 213                     0.455753689000                    -0.008874081987
 214                     0.220432887505                    -0.007387151162
 215                    -0.014887913989                    -0.005900220337
 216                    -0.250208715484                    -0.004413289512
 217                    -0.485529516978                    -0.002926358686
 218                    -0.720850318473                    -0.001439427861
 219                    -0.955517053370                     0.004502374080
 220                     0.607215307084                     0.019283432787
 221                     0.955310843457                     0.019884652119
 222                     0.371894505590                     0.020770363612
 223                     0.136573704095                     0.022257294437
 224                    -0.098747097399                     0.023744225263
 225                    -0.334067898894                     0.025231156088
 226                    -0.569388700388                     0.026718086913
 227                    -0.804709501883                     0.028205017738
 228                     0.523356123675                     0.048927878387
 229                     0.288035322180                     0.050414809212
 230                     0.052714520686                     0.051901740037
 231                     0.780468823935                     0.052560310670
 232                    -0.182606280809                     0.053388670862
 233                    -0.417927082303                     0.054875601687
 234                    -0.653247883798                     0.056362532513
 235                     0.876612630495                     0.061631423232
 236                    -0.899210873965                     0.073355623515
 237                     0.674817741759                     0.077085393161
 238                     0.439496940265                     0.078572323986
 239                     0.204176138770                     0.080059254811
 240                    -0.031144662724                     0.081546185636
 241                    -0.266465464219                     0.083033116462
 242                    -0.501786265713                     0.084520047287
 243                    -0.737107067208                     0.086006978112
 244                     0.590958558350                     0.106729838760
 245                     0.355637756855                     0.108216769585
 246                     0.120316955361                     0.109703700411
 247                    -0.115003846134                     0.111190631236
 248                    -0.350324647628                     0.112677562061
 249                     0.948741857781                     0.113674966232
 250                    -0.585645449123                     0.114164492886
 251                    -0.820966250618                     0.115651423712
 252                     0.742420176434                     0.134887353535
 253                     0.507099374940                     0.136374284360
 254                     0.271778573445                     0.137861215185
 255                     0.831304222171                     0.138170981188
 256                     0.036457771951                     0.139348146010
 257                    -0.198863029544                     0.140835076835
 258                    -0.434183831038                     0.142322007661
 259                    -0.669504632533                     0.143808938486
 260                    -0.943613055955                     0.150424437127
 261                     0.658560993025                     0.164531799134
 262                     0.423240191530                     0.166018729959
 263                     0.187919390036                     0.167505660784
 264                    -0.047401411459                     0.168992591609
 265                    -0.282722212953                     0.170479522435
 266                    -0.518043014448                     0.171966453260
 267                    -0.753363815943                     0.173453384085
 268                     0.574701809615                     0.194176244733
 269                     0.339381008121                     0.195663175559
 270                     0.104060206626                     0.197150106384
 271                    -0.131260594868                     0.198637037209
 272                    -0.366581396363                     0.200123968034
 273                     0.934061682700                     0.201399810242
 274                    -0.844207609370                     0.201505922955
 275                    -0.601902197858                     0.201610898860
 276                     0.490842626205                     0.223820690333
 277                     0.741633405569                     0.224592213672
 278                     0.255521824711                     0.225307621158
 279                     0.848430586916                     0.225451239137
 280                     0.020201023216                     0.226794551983
 281                    -0.215119778278                     0.228281482808
 282                    -0.450440579773                     0.229768413634
 283                    -0.685761381267                     0.231255344459
 284                    -0.925538006783                     0.237513175748
 285                     0.642304244290                     0.251978205107
 286                     0.406983442795                     0.253465135932
 287                     0.171662641301                     0.254952066757
 288                    -0.063658160193                     0.256438997583
 289                    -0.298978961688                     0.257925928408
 290                    -0.534299763183                     0.259412859233
 291                    -0.769620564677                     0.260899790058
 292                     0.558445060880                     0.281622650707
 293                     0.323124259386                     0.283109581532
 294                     0.087803457891                     0.284596512357
 295                    -0.147517343603                     0.286083443182
 296                    -0.382838145098                     0.287570374007
 297                     0.910827055655                     0.288837645298
 298                    -0.618158946592                     0.289057304832
 299                    -0.853689612438                     0.289943739611
 300                     0.798175715911                     0.298837911887
 301                     0.709906678965                     0.309780165481
 302                     0.474585877471                     0.311267096306
 303                     0.239265075976                     0.312754027131
 304                     0.003944274482                     0.314240957956
 305                    -0.231376527013                     0.315727888782
 306                    -0.466697328507                     0.317214819607
 307                    -0.702018130002                     0.318701750432
 308                     0.626047495555                     0.339424611080
 309                     0.390726694061                     0.340911541905
 310                     0.155405892566                     0.342398472731
 311                    -0.079914908928                     0.343885403556
 312                    -0.315235710423                     0.345372334381
 313                    -0.550556511917                     0.346859265206
 314                    -0.791421507403                     0.354157333896
 315                     0.868797772638                     0.367225751323
 316                     0.542188312146                     0.369069056680
 317                     0.306867510651                     0.370555987505
 318                     0.071546709157                     0.372042918330
 319                    -0.163774092338                     0.373529849155
 320                    -0.399094893832                     0.375016779980
 321                    -0.878745255994                     0.375286404926
 322                    -0.634415695327                     0.376503710806
 323                     0.781918967176                     0.386284317859
 324                     0.693649930230                     0.397226571454
 325                     0.458329128736                     0.398713502279
 326                     0.223008327241                     0.400200433104
 327                    -0.012312474253                     0.401687363929
 328                    -0.247633275747                     0.403174294755
 329                    -0.482954077242                     0.404661225580
 330                    -0.718274878737                     0.406148156405
 331                     0.609790746821                     0.426871017053
 332                     0.374469945326                     0.428357947878
 333                     0.139149143832                     0.429844878704
 334                    -0.096171657663                     0.431331809529
 335                    -0.331492459157                     0.432818740354
 336                    -0.566813260652                     0.434305671179
 337                     0.841863572688                     0.451994287172
 338                    -0.840042787511                     0.455369329013
 339                     0.525931563411                     0.456515462653
 340                     0.290610761917                     0.458002393478
 341                     0.055289960422                     0.459489324303
 342                    -0.180030841072                     0.460976255128
 343                    -0.415351642567                     0.462463185954
 344                    -0.650672444062                     0.463950116779
 345                     0.677393181496                     0.484672977427
 346                     0.442072380001                     0.486159908252
 347                    -0.756677426512                     0.486375334602
 348                     0.206751578507                     0.487646839077
 349                    -0.028569222988                     0.489133769903
 350                    -0.263890024482                     0.490620700728
 351                    -0.499210825977                     0.492107631553
 352                     0.765414581882                     0.497455343054
 353                     0.593533998086                     0.514317423026
 354                     0.358213196592                     0.515804353852
 355                     0.122892395097                     0.517291284677
 356                    -0.112428406397                     0.518778215502
 357                    -0.347749207892                     0.520265146327
 358                    -0.583070009387                     0.521752077153
 359                     0.509674814676                     0.543961868626
 360                     0.274354013182                     0.545448799451
 361                     0.039033211688                     0.546935730276
 362                    -0.196287589807                     0.548422661102
 363                    -0.678204060677                     0.548526507596
 364                    -0.431608391302                     0.549909591927
 365                     0.661136432761                     0.572119383400
 366                     0.425815631267                     0.573606314225
 367                    -0.763089945592                     0.575088554564
 368                     0.190494829772                     0.575093245051
 369                    -0.044825971722                     0.576580175876
 370                    -0.280146773217                     0.578067106701
 371                    -0.519005965336                     0.583452610776
 372                     0.754915264760                     0.585778160814
 373                     0.341956447857                     0.603250759825
 374                     0.106635646363                     0.604737690650
 375                    -0.128685155132                     0.606224621475
 376                    -0.610601626002                     0.606328467969
 377                    -0.364005956626                     0.607711552300
 378                     0.582062055622                     0.614807728778
 379                     0.493418065942                     0.631408274599
 380                     0.258097264447                     0.632895205424
 381                     0.022776462953                     0.634382136249
 382                    -0.697643595683                     0.635320863839
 383                    -0.212544338542                     0.635869067074
 384                    -0.447865140037                     0.637355997900
 385                     0.697177014117                     0.653435017153
 386                     0.409558882532                     0.661052720199
 387                    -0.061082720457                     0.664026581849
 388                     0.174980036095                     0.664560362111
 389                    -0.296403521951                     0.665513512674
 390                    -0.559112217370                     0.678854301958
 391                     0.090437224327                     0.692194919743
 392                    -0.144941903866                     0.693671027448
 393                    -0.380262705361                     0.695157958273
 394                     0.545229550290                     0.703704373295
 395                     0.332295772135                     0.705903988659
 396                    -0.643780588097                     0.706101738451
 397                     0.633397935477                     0.715430056671
 398                    -0.480340449251                     0.720160044229
 399                     0.243961480377                     0.720709415013
 400                     0.006578040918                     0.721839365342
 401                    -0.228801087276                     0.723315473048
 402                     0.461370366881                     0.733348818894
 403                    -0.077281142492                     0.751483810942
 404                     0.161184607478                     0.753253924692
 405                    -0.320049479603                     0.760795986830
 406                    -0.568314804999                     0.767516156266
 407                    -0.412738014576                     0.777962004602
 408                     0.076362499882                     0.780018936554
 409                    -0.161140325902                     0.781128256541
 410                     0.388202989968                     0.783922436055
 411                     0.299480067657                     0.790199286674
 412                     0.534563145093                     0.792007168252
 413                    -0.007496683527                     0.809663382153
 414                    -0.244999509311                     0.810772702141
 415                    -0.493441283884                     0.816354855877
 416                     0.458603645020                     0.838281460745
 417                    -0.091355866937                     0.839307827753
 418                     0.141952733886                     0.840094530604
 419                     0.230662873231                     0.846549526677
 420                    -0.403023752084                     0.866374610610
 421                    -0.314080089801                     0.866799742007
 422                    -0.175215050347                     0.868952273352
 423                     0.058093550476                     0.869738976203
 424                     0.376970770336                     0.876395053608
 425                     0.294140996027                     0.908977020506
 426                    -0.047673479076                     0.916786888071
 427                    -0.245509003995                     0.923449207922
 428                     0.208114411236                     0.932588603024
 429                     0.119187803658                     0.934381439222
 430                    -0.131532662486                     0.946431333671
 431                     0.032658661929                     0.954969382994
