   1                     0.077116775995                    -0.951574831923
   2                    -0.084923669113                    -0.950909894950
   3                     0.166982519332                    -0.939977923213
   4                    -0.174691211216                    -0.938575856611
   5                     0.266268079991                    -0.916810240318
   6                    -0.003736966535                    -0.910672357233
   7                    -0.259478428924                    -0.906615446250
   8                    -0.348336245284                    -0.888877673311
   9                     0.351997725256                    -0.887434087301
  10                     0.108189047655                    -0.866458123512
  11                    -0.134823524026                    -0.857206896712
  12                     0.198054790991                    -0.854861214800
  13                     0.434544595881                    -0.850066263347
  14                    -0.047917344569                    -0.831562090428
  15                     0.284331200505                    -0.827171482436
  16                    -0.413269268226                    -0.825679234655
  17                    -0.287391846927                    -0.820411146981
  18                    -0.502776125484                    -0.811577368791
  19                     0.040437742042                    -0.806280451086
  20                    -0.200485667470                    -0.794766340698
  21                     0.366878071131                    -0.789803658482
  22                     0.127956986263                    -0.778029798184
  23                     0.562043060367                    -0.771718378804
  24                    -0.113579488014                    -0.769121534415
  25                     0.471537462132                    -0.767350678579
  26                     0.217729749127                    -0.765733816534
  27                    -0.353053990372                    -0.757970590968
  28                    -0.592584846426                    -0.748521781698
  29                    -0.026673308557                    -0.743476728132
  30                    -0.266147810915                    -0.732325784685
  31                     0.300276619753                    -0.728365992580
  32                    -0.506244253160                    -0.721032837164
  33                     0.060232870900                    -0.717831921848
  34                     0.632673568712                    -0.714958609531
  35                    -0.179241631459                    -0.706680978401
  36                     0.389927573454                    -0.702173409368
  37                    -0.418946487970                    -0.695773172394
  38                     0.149201022274                    -0.689944435887
  39                    -0.660952590721                    -0.688899150141
  40                    -0.092335452002                    -0.681036172118
  41                     0.476942811194                    -0.676901121816
  42                    -0.331809954360                    -0.669885228671
  43                     0.236128292117                    -0.664371210148
  44                    -0.573220674083                    -0.660004162285
  45                    -0.005429272545                    -0.655391365835
  46                     0.564163443197                    -0.651946118243
  47                    -0.244903774903                    -0.644240422388
  48                     0.324528269687                    -0.639457611529
  49                    -0.484384876601                    -0.633098158149
  50                     0.081476906911                    -0.629746559551
  51                     0.651086544569                    -0.626238248637
  52                    -0.724428321045                    -0.621808061670
  53                    -0.157997595447                    -0.618595616104
  54                     0.411548749293                    -0.614179859193
  55                    -0.397479088681                    -0.607452025048
  56                     0.739023662647                    -0.604388686144
  57                     0.170517594049                    -0.601876599052
  58                    -0.637522141589                    -0.596163255387
  59                    -0.071091415990                    -0.592950809821
  60                     0.498563987033                    -0.588907571641
  61                    -0.310565918348                    -0.581799866374
  62                     0.259139449651                    -0.576730884121
  63                    -0.550110535162                    -0.570722591731
  64                     0.015814763467                    -0.567306003538
  65                     0.585579224773                    -0.563635284089
  66                    -0.223659738891                    -0.556155060091
  67                     0.346154687391                    -0.551458596570
  68                    -0.463142185415                    -0.545012471524
  69                     0.102793478686                    -0.541678722716
  70                     0.676132827426                    -0.539157689199
  71                    -0.703184285033                    -0.533722699373
  72                     0.792993522534                    -0.531604111261
  73                    -0.136753559435                    -0.530510253807
  74                    -0.793737615739                    -0.530492464839
  75                     0.433169925131                    -0.526186309018
  76                    -0.376235052669                    -0.519366662751
  77                     0.193528751582                    -0.514236273026
  78                    -0.615710508317                    -0.508216721794
  79                    -0.049847379978                    -0.504865447524
  80                     0.520185162871                    -0.500914021466
  81                    -0.289321882336                    -0.493714504077
  82                     0.280760625489                    -0.488737333947
  83                    -0.528804328860                    -0.482571915510
  84                     0.037131335241                    -0.479238166702
  85                     0.607200400611                    -0.475641733914
  86                    -0.202415702879                    -0.468069697794
  87                     0.367775863229                    -0.463465046395
  88                    -0.441898149403                    -0.456927109227
  89                     0.125804636219                    -0.454038396690
  90                     0.694215638351                    -0.450369446362
  91                    -0.681372651761                    -0.445776165780
  92                    -0.771925982467                    -0.442545931246
  93                    -0.115509523423                    -0.442424891510
  94                     0.784381868254                    -0.441403337830
  95                     0.454791100969                    -0.438192758843
  96                    -0.354991016657                    -0.431281300454
  97                     0.215149927421                    -0.426242722850
  98                    -0.594466472305                    -0.420131359497
  99                    -0.858841496297                    -0.416932778908
 100                    -0.028530808203                    -0.416797610689
 101                     0.541806338709                    -0.412920471291
 102                    -0.268077846324                    -0.405629141780
 103                     0.865953733684                    -0.401952471081
 104                     0.302381801327                    -0.400743783771
 105                    -0.507560292848                    -0.394486553213
 106                     0.060142492774                    -0.391597840676
 107                     0.628821576449                    -0.387648183739
 108                    -0.181171666867                    -0.379984335497
 109                     0.389397039067                    -0.375471496220
 110                    -0.420654113391                    -0.368841746930
 111                     0.147425812058                    -0.366044846515
 112                     0.717969366599                    -0.362897413935
 113                    -0.660128615750                    -0.357690803483
 114                    -0.094192951648                    -0.354357054675
 115                     0.476412276807                    -0.350199208668
 116                    -0.798466630357                    -0.349366399104
 117                    -0.333746980645                    -0.343195938157
 118                     0.236771103259                    -0.338249172675
 119                     0.804343620922                    -0.335510510526
 120                    -0.894552701546                    -0.333489387135
 121                    -0.573222436293                    -0.332045997200
 122                    -0.005519650670                    -0.329157284662
 123                     0.563427514547                    -0.324926921116
 124                     0.900160136714                    -0.318046201299
 125                    -0.246833810312                    -0.317543779483
 126                     0.324002977166                    -0.312750233596
 127                    -0.486316256836                    -0.306401190917
 128                     0.081763668613                    -0.303604290501
 129                     0.650442752288                    -0.299654633564
 130                    -0.725790759194                    -0.295250247469
 131                    -0.159855095092                    -0.291916498662
 132                     0.411018214906                    -0.287477946045
 133                    -0.399410077380                    -0.280756384633
 134                     0.169046987896                    -0.278051296339
 135                     0.737457990028                    -0.274382346011
 136                    -0.638884579738                    -0.269605441186
 137                    -0.071181794115                    -0.266716728649
 138                     0.498033452646                    -0.262205658492
 139                    -0.808994656847                    -0.259369172618
 140                    -0.312502944633                    -0.255110575860
 141                     0.838550023952                    -0.251604240743
 142                     0.258392279097                    -0.250255622500
 143                    -0.922140275651                    -0.247178112294
 144                    -0.551978400281                    -0.243960634903
 145                     0.016101525168                    -0.241163734487
 146                     0.585048690386                    -0.236933370941
 147                    -0.225517238537                    -0.229475942648
 148                     0.345540854305                    -0.224736257630
 149                     0.928101829295                    -0.223757183744
 150                    -0.465072220824                    -0.218315828619
 151                     0.103384844451                    -0.215610740326
 152                     0.672063928139                    -0.211661083375
 153                    -0.704546723182                    -0.207164885172
 154                    -0.136843937560                    -0.204276172635
 155                     0.432639390744                    -0.199484395869
 156                    -0.378166041368                    -0.192671022336
 157                     0.771664393057                    -0.190476076229
 158                     0.190668163734                    -0.190057746164
 159                    -0.617640543726                    -0.181520078889
 160                    -0.853486596589                    -0.180433709010
 161                    -0.049560618276                    -0.178723178473
 162                     0.519654628484                    -0.174212108317
 163                    -0.291186372857                    -0.167042739025
 164                     0.859159100180                    -0.163368159155
 165                     0.279930156236                    -0.162241646534
 166                    -0.941428181732                    -0.158602132805
 167                    -0.530734364269                    -0.155875272606
 168                     0.037722701007                    -0.153170184312
 169                     0.606669866224                    -0.148939820765
 170                    -0.770208866627                    -0.144724329159
 171                    -0.202506081005                    -0.141835616621
 172                     0.367245263991                    -0.136763200861
 173                     0.945135557450                    -0.134760661670
 174                    -0.443828184812                    -0.130230466323
 175                     0.125006020290                    -0.127617190151
 176                     0.693685103958                    -0.123667533194
 177                    -0.683302687171                    -0.119079522875
 178                    -0.115222761721                    -0.116282622460
 179                     0.454260508732                    -0.111490831480
 180                    -0.356849469592                    -0.104603185502
 181                     0.212206040873                    -0.102043770198
 182                     0.781250715537                    -0.100373675937
 183                    -0.596396507714                    -0.093434716592
 184                    -0.027939442438                    -0.090729628298
 185                     0.541275804323                    -0.086218558142
 186                    -0.835871010072                    -0.082283773145
 187                    -0.268175216513                    -0.079402412686
 188                     0.301634565922                    -0.074268589765
 189                     0.867678018380                    -0.073158580119
 190                    -0.925560075718                    -0.069391464561
 191                    -0.509490328257                    -0.067789910309
 192                     0.059343876845                    -0.065176634137
 193                     0.628291042057                    -0.060946270570
 194                    -0.748964830615                    -0.056638966862
 195                    -0.180884905166                    -0.053842066446
 196                     0.388561835765                    -0.048695364026
 197                     0.953654475649                    -0.044551082634
 198                    -0.422511613037                    -0.042162629488
 199                     0.146543897429                    -0.039603214184
 200                     0.715315188216                    -0.035674973055
 201                    -0.662058651158                    -0.030994160579
 202                    -0.093601585883                    -0.028289072285
 203                     0.475881742421                    -0.023497295519
 204                    -0.335278977912                    -0.016597197036
 205                     0.233910450559                    -0.014070713429
 206                     0.802538236605                    -0.010173272726
 207                    -0.575152471702                    -0.005349354295
 208                    -0.006318266600                    -0.002736078123
 209                     0.562896605326                     0.001776282595
 210                    -0.814626974060                     0.005801589152
 211                    -0.246554039471                     0.008591137193
 212                     0.322878601936                     0.013816772531
 213                    -0.954552702413                     0.016455886676
 214                    -0.488173756481                     0.020277926526
 215                     0.080881753984                     0.022837341829
 216                     0.649912217873                     0.027047279611
 217                     0.899605509862                     0.028174768439
 218                    -0.727720794603                     0.031446395435
 219                    -0.159263729328                     0.034151483729
 220                     0.410486750273                     0.039222997201
 221                    -0.400941121357                     0.045843358978
 222                     0.168248307115                     0.048369842585
 223                     0.736927080765                     0.052320857769
 224                    -0.640814615147                     0.057091201718
 225                    -0.071980410045                     0.059704477891
 226                     0.497501613176                     0.064496575322
 227                    -0.880236902052                     0.068297008711
 228                    -0.312217809466                     0.071029982691
 229                     0.255154486573                     0.074014648867
 230                     0.823854163281                     0.077894720251
 231                    -0.553835899926                     0.082718482540
 232                     0.015219610539                     0.085277897843
 233                     0.584516230883                     0.089770997617
 234                    -0.793330722596                     0.093941814994
 235                    -0.224932863633                     0.096584687368
 236                     0.344875594432                     0.101717127696
 237                     0.948997606580                     0.104140292849
 238                    -0.466603264802                     0.108283914991
 239                     0.102586163670                     0.110810398598
 240                     0.671532088589                     0.115041150461
 241                    -0.706498710906                     0.119836638086
 242                    -0.137642553489                     0.122145033904
 243                     0.431802676949                     0.127290990178
 244                    -0.945666780569                     0.130980907077
 245                    -0.377879952910                     0.133470538705
 246                     0.189492343128                     0.136455204881
 247                     0.758459171105                     0.140615012943
 248                    -0.619498043370                     0.145159038553
 249                    -0.050442532906                     0.147718453857
 250                     0.518817539852                     0.152564568299
 251                    -0.858760601112                     0.156625713360
 252                    -0.290596633628                     0.159023532866
 253                     0.277151479070                     0.161915004032
 254                     0.848892176524                     0.164977657787
 255                    -0.532265408246                     0.170724471005
 256                     0.036924020225                     0.173250954612
 257                     0.605832157558                     0.177838990597
 258                    -0.771943456967                     0.182570338999
 259                    -0.203311687794                     0.184578237544
 260                     0.366191521108                     0.189785120673
 261                     0.934850368872                     0.193639989956
 262                    -0.443542096355                     0.195911094719
 263                     0.123830199684                     0.198895760895
 264                     0.692848015265                     0.203109143438
 265                    -0.684928219227                     0.207842626552
 266                    -0.116104676351                     0.210159009870
 267                     0.453118603625                     0.215358983155
 268                    -0.928967497903                     0.220134265880
 269                    -0.356258777072                     0.221464088880
 270                     0.211489335626                     0.224355560046
 271                     0.779989642283                     0.228630800890
 272                    -0.597927551691                     0.233165027019
 273                    -0.028738123219                     0.235691510626
 274                     0.540348011030                     0.240580356246
 275                    -0.838788644637                     0.245008183747
 276                    -0.268975457790                     0.247017083041
 277                     0.298467405746                     0.249982997010
 278                     0.867048964908                     0.253750802108
 279                    -0.509204239800                     0.258351650732
 280                     0.058168056239                     0.261336316908
 281                     0.627362628735                     0.265854778548
 282                    -0.750322281129                     0.270563889175
 283                    -0.181773810655                     0.272592213510
 284                     0.387435557120                     0.277870482970
 285                    -0.421920920517                     0.283904644894
 286                     0.145827192182                     0.286796116059
 287                     0.714378486443                     0.291124931385
 288                    -0.663321613594                     0.295886289641
 289                    -0.094400266664                     0.298132066639
 290                     0.474952410398                     0.303300014528
 291                    -0.903498417178                     0.308435192622
 292                    -0.334637601234                     0.309457639055
 293                     0.232805262301                     0.312423553023
 294                     0.803815480013                     0.319028247728
 295                    -0.574866383245                     0.320792206746
 296                    -0.007494087206                     0.323776872922
 297                     0.561967028103                     0.328574436830
 298                    -0.816214129936                     0.332761995078
 299                    -0.247437580651                     0.335031059007
 300                     0.319711441758                     0.338068359306
 301                     0.891743953134                     0.340931635286
 302                    -0.487583063962                     0.346345200908
 303                     0.080165048737                     0.349236672073
 304                     0.648893914143                     0.354148967138
 305                    -0.729299263188                     0.358744568420
 306                    -0.160069400969                     0.360565270279
 307                     0.409340861387                     0.365793732239
 308                    -0.400299744679                     0.371898195069
 309                     0.167143118856                     0.374864109037
 310                     0.735996278941                     0.379119312822
 311                    -0.640260445147                     0.383513469369
 312                    -0.073156230651                     0.386217428936
 313                     0.496259586525                     0.391395984824
 314                    -0.313099724095                     0.397471615022
 315                     0.254049298313                     0.400508915320
 316                    -0.553245207407                     0.408785756921
 317                    -0.861609978840                     0.411181106391
 318                     0.014502905293                     0.411677228087
 319                     0.583282278187                     0.416642593566
 320                    -0.225733170965                     0.423004115776
 321                     0.855405826731                     0.423936940457
 322                     0.341616746024                     0.425991608576
 323                    -0.465961888123                     0.434338751083
 324                     0.101480975411                     0.437304665051
 325                    -0.705654507048                     0.446234731992
 326                     0.673890587560                     0.446321617538
 327                    -0.138825364956                     0.448650632575
 328                     0.430584897398                     0.453879094536
 329                    -0.378761867540                     0.459912171035
 330                     0.773081883506                     0.461793359845
 331                     0.188387154868                     0.462949471334
 332                    -0.792994458456                     0.470360921189
 333                    -0.618639269308                     0.471507019544
 334                    -0.051159238151                     0.474117784100
 335                     0.517491065046                     0.479523940839
 336                    -0.291395314409                     0.485444671790
 337                     0.275954602579                     0.488432164589
 338                    -0.531624031568                     0.496779307096
 339                     0.035818831967                     0.499745221064
 340                     0.604526086599                     0.504728010755
 341                    -0.204489134952                     0.511089478072
 342                     0.362860782036                     0.514076970873
 343                    -0.444424010984                     0.522352727049
 344                     0.122725011423                     0.525390027348
 345                    -0.684033331210                     0.534228282167
 346                     0.689686149361                     0.535681263044
 347                    -0.116828372456                     0.536550987740
 348                     0.451829647290                     0.541965259975
 349                    -0.357057457854                     0.547885227804
 350                     0.210292459135                     0.550872720603
 351                     0.778773937941                     0.552225326723
 352                    -0.773961367154                     0.558950319835
 353                    -0.597783898353                     0.562001928828
 354                    -0.029843311478                     0.562185777078
 355                    -0.270115875149                     0.573567243930
 356                     0.548664265414                     0.576072106443
 357                     0.297198638591                     0.576517526886
 358                    -0.510086154430                     0.584793283062
 359                     0.057062867979                     0.587830583361
 360                    -0.182492142451                     0.598989833236
 361                     0.384104818048                     0.602162333169
 362                     0.633825361779                     0.607024885939
 363                    -0.422719601298                     0.610325783818
 364                     0.144630315690                     0.613313276617
 365                    -0.708403591978                     0.621500445582
 366                     0.722913150359                     0.623568949618
 367                    -0.095512445783                     0.624618980718
 368                     0.475441326316                     0.629445707680
 369                    -0.335813421841                     0.635970590101
 370                     0.231536495147                     0.638958082900
 371                    -0.576079488667                     0.649974985597
 372                    -0.008609138239                     0.650273517450
 373                    -0.248103298295                     0.661483963728
 374                     0.318442674604                     0.664602889183
 375                     0.565651480953                     0.666712925698
 376                    -0.488381744743                     0.672766339831
 377                     0.078968172245                     0.675753832630
 378                    -0.161176215779                     0.687057826214
 379                     0.405348854060                     0.690247695466
 380                    -0.654916748505                     0.694640705989
 381                     0.652699925003                     0.696722695967
 382                    -0.401399605113                     0.698493927991
 383                     0.165874351702                     0.701398638914
 384                    -0.074273582374                     0.712714646834
 385                     0.491396325833                     0.718640876313
 386                    -0.313816362079                     0.723870928433
 387                     0.252780531159                     0.727043445197
 388                     0.013305967506                     0.738194324187
 389                     0.339686710616                     0.752688251480
 390                    -0.586112274080                     0.753600729871
 391                     0.583634257458                     0.755521483091
 392                    -0.231874042803                     0.762546455951
 393                    -0.495996107708                     0.763056768968
 394                     0.100212208257                     0.763839194927
 395                    -0.142217521745                     0.775663176152
 396                    -0.377342971963                     0.788482923864
 397                     0.187118387714                     0.789484001211
 398                     0.419564064756                     0.795466147788
 399                    -0.052356175939                     0.800634880201
 400                     0.509379102337                     0.807449433706
 401                     0.278053901796                     0.819109159288
 402                     0.034550003518                     0.826279686484
 403                    -0.295528086087                     0.827427301715
 404                    -0.450770770649                     0.841574340280
 405                    -0.207744424503                     0.849885460054
 406                     0.119970583910                     0.856750518956
 407                    -0.118087903445                     0.863002180255
 408                     0.378734934255                     0.876356952084
 409                     0.208745579710                     0.877476072918
 410                    -0.368955884773                     0.880518718132
 411                    -0.017391152576                     0.900525605029
 412                     0.293946970697                     0.908315383723
 413                    -0.272346500431                     0.915023000190
 414                    -0.182872899743                     0.937016094008
 415                     0.146558304243                     0.943378143348
 416                    -0.093216378685                     0.950132814208
 417                     0.056462197998                     0.953023440471
