   1                    -0.039247039378                    -0.954425893768
   2                     0.050286475371                    -0.953907955304
   3                    -0.135574864039                    -0.945551980646
   4                     0.196242486768                    -0.934857210050
   5                    -0.225788978401                    -0.928164023235
   6                     0.282909372911                    -0.912376788128
   7                    -0.311699403284                    -0.902946620121
   8                     0.116665025687                    -0.893821296373
   9                    -0.079384951152                    -0.874391735049
  10                     0.010148563597                    -0.873873796584
  11                    -0.167753297856                    -0.859985006615
  12                     0.423839049765                    -0.856054657537
  13                    -0.446587934855                    -0.844410050412
  14                     0.335739039711                    -0.840088858090
  15                    -0.253663722740                    -0.834767603501
  16                     0.246595505246                    -0.830394468742
  17                    -0.358801306178                    -0.826802485303
  18                     0.158372720770                    -0.814593859874
  19                     0.502128022826                    -0.812610955801
  20                     0.067701278125                    -0.804203043888
  21                    -0.523686714696                    -0.798887565084
  22                    -0.110506369436                    -0.790437658632
  23                    -0.020972079465                    -0.789921285611
  24                     0.393615832651                    -0.771774911033
  25                    -0.196581375300                    -0.765787754530
  26                     0.302363400985                    -0.757007059462
  27                    -0.286829731865                    -0.751601899259
  28                     0.213744183518                    -0.744233930676
  29                    -0.375448949332                    -0.738828770473
  30                     0.123018600754                    -0.732334485202
  31                    -0.464686885302                    -0.731541157199
  32                     0.531226639410                    -0.727936349004
  33                     0.620741781227                    -0.726050106973
  34                     0.034399383287                    -0.719561356417
  35                    -0.552510500081                    -0.714119010068
  36                    -0.641800761137                    -0.707503286070
  37                    -0.054220089919                    -0.706788329907
  38                     0.446354081200                    -0.699420259051
  39                    -0.142860028039                    -0.694159795013
  40                     0.357734863733                    -0.686647130265
  41                    -0.231458269117                    -0.681241970061
  42                     0.269115646265                    -0.673874001479
  43                    -0.320077486584                    -0.668468841276
  44                     0.685993724550                    -0.664741849648
  45                     0.178390063502                    -0.661974556005
  46                    -0.408696704052                    -0.655695712490
  47                     0.089770846035                    -0.649201427219
  48                    -0.705223693220                    -0.644304787594
  49                    -0.497404249792                    -0.643551172475
  50                     0.590359279994                    -0.641827650690
  51                     0.001151628567                    -0.636428298434
  52                    -0.591955359524                    -0.632958325057
  53                     0.501736964309                    -0.629069318883
  54                    -0.087467588902                    -0.623655169646
  55                     0.413106326481                    -0.616287201068
  56                    -0.176086806369                    -0.610882040864
  57                     0.324487109013                    -0.603514072282
  58                    -0.264706023837                    -0.598108912078
  59                     0.744504924480                    -0.594275370049
  60                     0.233761526250                    -0.591614626808
  61                    -0.353325241304                    -0.585335783293
  62                     0.655611223316                    -0.580519393366
  63                     0.145142308782                    -0.578841498022
  64                    -0.441944458771                    -0.572562654507
  65                     0.056523091315                    -0.566068369236
  66                    -0.530652004511                    -0.560418114492
  67                     0.557097006696                    -0.558700400655
  68                    -0.708517446773                    -0.554830379460
  69                    -0.032096126152                    -0.553295240451
  70                    -0.619271221979                    -0.547644985706
  71                     0.468477789228                    -0.545927271870
  72                    -0.120715343620                    -0.540522111664
  73                     0.379858571761                    -0.533154143085
  74                    -0.794592544857                    -0.530180916720
  75                    -0.209334561088                    -0.527748982881
  76                     0.799554471609                    -0.522667928732
  77                     0.289132988998                    -0.521254697610
  78                    -0.297953778555                    -0.514975854095
  79                     0.710906032452                    -0.510099207296
  80                     0.200513771530                    -0.508481568825
  81                    -0.386572996023                    -0.502202725310
  82                     0.622286814985                    -0.497326078511
  83                     0.111894554063                    -0.495708440039
  84                    -0.475192213490                    -0.489429596524
  85                     0.023275336596                    -0.482935311253
  86                    -0.563899759230                    -0.477285056509
  87                     0.523849251976                    -0.475567342672
  88                    -0.065343880871                    -0.470162182468
  89                    -0.652518976697                    -0.464511927723
  90                     0.435230034509                    -0.462794213887
  91                    -0.741806625104                    -0.457861035640
  92                    -0.153963098340                    -0.457389053681
  93                     0.344504451745                    -0.450894768413
  94                    -0.835721579113                    -0.449597928452
  95                     0.844978640351                    -0.445511182964
  96                    -0.242582315807                    -0.444615924898
  97                     0.255885234278                    -0.438121639627
  98                     0.756135290134                    -0.432828043380
  99                    -0.331201533275                    -0.431842796112
 100                     0.167266016811                    -0.425348510842
 101                     0.667516072666                    -0.420054914594
 102                    -0.419820750742                    -0.419069667327
 103                     0.078646799344                    -0.412575382056
 104                    -0.508439968209                    -0.406296538541
 105                     0.579220714725                    -0.405207413476
 106                    -0.009972418124                    -0.399802253271
 107                    -0.597147513949                    -0.394151998526
 108                     0.490601497256                    -0.392434284690
 109                    -0.098591635591                    -0.387029124485
 110                    -0.685766731417                    -0.381378869740
 111                     0.399875914493                    -0.380534839216
 112                    -0.775054379823                    -0.374727977658
 113                    -0.187210853059                    -0.374255995699
 114                    -0.880268781684                    -0.370912339853
 115                     0.311256697026                    -0.367761710430
 116                     0.811506752881                    -0.362468114182
 117                    -0.275830070526                    -0.361482866915
 118                     0.222637479559                    -0.354988581645
 119                     0.722887535414                    -0.349694985396
 120                    -0.364449287994                    -0.348709738129
 121                     0.134018262091                    -0.342215452859
 122                    -0.453068505461                    -0.335936609344
 123                     0.634592177472                    -0.334847484278
 124                     0.895689922295                    -0.331976926751
 125                     0.045399044624                    -0.329442324073
 126                    -0.541687722928                    -0.323163480558
 127                     0.545972960005                    -0.322074355493
 128                    -0.043220172843                    -0.316669195288
 129                    -0.630395268669                    -0.311018940543
 130                     0.455247377241                    -0.310174910018
 131                    -0.131839390310                    -0.303896066502
 132                    -0.724126723722                    -0.300341197517
 133                    -0.824800566056                    -0.300284472375
 134                     0.366628159774                    -0.297401781233
 135                    -0.220458607778                    -0.291122937716
 136                     0.278008942307                    -0.284628652447
 137                    -0.912532541638                    -0.282406581452
 138                     0.778258998162                    -0.279335056199
 139                    -0.309077825245                    -0.278349808932
 140                     0.189389724839                    -0.271855523662
 141                    -0.397697042713                    -0.265576680146
 142                     0.689963640220                    -0.264487555081
 143                     0.100770507372                    -0.259082394876
 144                    -0.486316260180                    -0.252803551361
 145                     0.601344422752                    -0.251714426296
 146                     0.922837748960                    -0.246656858591
 147                     0.012151289905                    -0.246309266090
 148                    -0.574935477647                    -0.240030422575
 149                     0.510618839989                    -0.239814980821
 150                    -0.076467927562                    -0.233536137305
 151                    -0.663643023388                    -0.227885882560
 152                     0.421999622521                    -0.227041852036
 153                    -0.165087145030                    -0.220763008519
 154                    -0.752262240855                    -0.215112753775
 155                     0.333380405054                    -0.214268723250
 156                     0.839472915001                    -0.213994602354
 157                    -0.841755215902                    -0.212369408978
 158                    -0.253706362497                    -0.207989879733
 159                     0.244761187587                    -0.201495594464
 160                    -0.934965203948                    -0.195727321042
 161                    -0.342325579964                    -0.195216750948
 162                     0.749801779400                    -0.193370260209
 163                     0.156141970120                    -0.188722465679
 164                    -0.430944797431                    -0.182443622163
 165                     0.656715885500                    -0.181354497099
 166                     0.067522752653                    -0.175949336893
 167                    -0.519564014899                    -0.169670493377
 168                     0.565990302737                    -0.169455051624
 169                    -0.021096464815                    -0.163176208107
 170                     0.909441675626                    -0.158129666482
 171                    -0.608183232366                    -0.156897364592
 172                     0.477371085269                    -0.156681922838
 173                    -0.109715682282                    -0.150403079322
 174                    -0.696890778106                    -0.144752824576
 175                     0.388751867802                    -0.143908794053
 176                    -0.198334899749                    -0.137629950536
 177                    -0.785509995573                    -0.131979695791
 178                     0.300132650335                    -0.131135665267
 179                    -0.875002970620                    -0.129236350994
 180                     0.825143320593                    -0.125613715011
 181                    -0.286954117216                    -0.124856821750
 182                     0.211513432868                    -0.118362536481
 183                    -0.375573334684                    -0.112083692965
 184                     0.712087348248                    -0.110994567901
 185                     0.122894215400                    -0.105589407696
 186                    -0.464192552151                    -0.099310564180
 187                     0.621361765484                    -0.099095122427
 188                     0.034274997933                    -0.092816278910
 189                    -0.552811769618                    -0.086537435394
 190                     0.532742548017                    -0.086321993641
 191                    -0.951626803756                    -0.082918895118
 192                    -0.054344219534                    -0.080043150124
 193                     0.951933533088                    -0.079320018767
 194                    -0.641430987085                    -0.073764306609
 195                     0.444123330550                    -0.073548864855
 196                    -0.142963437001                    -0.067270021339
 197                    -0.730138532826                    -0.061619766594
 198                     0.355504113083                    -0.060775736070
 199                    -0.231582654468                    -0.054496892553
 200                     0.777470180451                    -0.049825917626
 201                     0.266884895615                    -0.048002607284
 202                     0.868358836402                    -0.047198552467
 203                    -0.320201871936                    -0.041723763768
 204                    -0.874940635399                    -0.036704718655
 205                     0.178265678148                    -0.035229478498
 206                    -0.408821089403                    -0.028950634982
 207                     0.676733228232                    -0.028735193230
 208                     0.089646460681                    -0.022456349713
 209                    -0.497440306870                    -0.016177506197
 210                     0.588114010765                    -0.015962064444
 211                     0.001027243214                    -0.009683220927
 212                    -0.586059524338                    -0.003404377411
 213                     0.499494793298                    -0.003188935658
 214                    -0.793860903944                     0.001276798833
 215                    -0.087591974253                     0.003089907858
 216                    -0.955210075222                     0.006544386116
 217                    -0.675250519285                     0.009138038197
 218                     0.410875575830                     0.009584193128
 219                     0.955178501102                     0.010156171955
 220                    -0.176211191721                     0.015863036644
 221                     0.322256358363                     0.022357321913
 222                     0.820685696261                     0.028589244918
 223                    -0.264830409188                     0.028636165430
 224                     0.233637140896                     0.035130450699
 225                    -0.353449626655                     0.041409294215
 226                     0.732104690980                     0.041624735968
 227                     0.145017923429                     0.047903579484
 228                    -0.878523906865                     0.052758562579
 229                    -0.442068844122                     0.054182423001
 230                     0.643485473513                     0.054397864753
 231                     0.056398705962                     0.060676708270
 232                    -0.530688061589                     0.066955551786
 233                     0.554866256045                     0.067170993539
 234                    -0.032220511506                     0.073449837056
 235                     0.895860809865                     0.077222780858
 236                    -0.619307279056                     0.079728680572
 237                     0.466247038578                     0.079944122325
 238                    -0.120839728973                     0.086222965841
 239                    -0.797444175410                     0.090740080067
 240                    -0.707926496524                     0.092501809357
 241                     0.377627821111                     0.092717251110
 242                    -0.209458946440                     0.098996094627
 243                     0.289008603644                     0.105490379896
 244                    -0.949128221428                     0.107818069374
 245                    -0.298078163907                     0.111769223413
 246                     0.787476153728                     0.111984665165
 247                     0.200389386176                     0.118263508682
 248                    -0.386697381375                     0.124542352198
 249                     0.698856936261                     0.124757793951
 250                     0.111770168709                     0.131036637467
 251                    -0.475316598842                     0.137315480984
 252                     0.610237718793                     0.137530922736
 253                     0.023150951242                     0.143809766253
 254                    -0.563935816309                     0.150088609769
 255                     0.521618501326                     0.150304051522
 256                     0.942826556654                     0.153450972179
 257                    -0.065468266225                     0.156582895039
 258                    -0.852343854214                     0.161468743215
 259                    -0.652555033776                     0.162861738555
 260                     0.432999283859                     0.163077180308
 261                    -0.154087483692                     0.169356023824
 262                     0.854987595539                     0.170795580377
 263                    -0.749187124660                     0.172675881689
 264                     0.344380066392                     0.175850309093
 265                    -0.242706701160                     0.182129152610
 266                     0.255760848924                     0.188623437879
 267                    -0.331325918627                     0.194902281396
 268                     0.754228399008                     0.195117723148
 269                    -0.934864123222                     0.196209551010
 270                     0.167141631457                     0.201396566665
 271                    -0.419945136094                     0.207675410181
 272                     0.665609181541                     0.207890851934
 273                     0.078522413990                     0.214169695450
 274                    -0.508564353561                     0.220448538967
 275                     0.576989964074                     0.220663980719
 276                    -0.010096803477                     0.226942824236
 277                    -0.597183571028                     0.233221667752
 278                     0.488370746607                     0.233437109505
 279                     0.913927947415                     0.238194048046
 280                    -0.098716020945                     0.239715953022
 281                    -0.685802788496                     0.245994796538
 282                     0.399751529139                     0.246210238291
 283                    -0.863517566619                     0.250303796401
 284                    -0.187335238412                     0.252489081807
 285                     0.821739840819                     0.253928638360
 286                    -0.774398838032                     0.258927643481
 287                     0.311132311672                     0.258983367076
 288                    -0.275954455879                     0.265262210593
 289                     0.222513094205                     0.271756495862
 290                    -0.364573673346                     0.278035339378
 291                     0.730177613300                     0.281415047950
 292                     0.133893876738                     0.284529624648
 293                    -0.453192890813                     0.290808468164
 294                     0.632361426822                     0.291023909917
 295                     0.045274659270                     0.297302753433
 296                    -0.541812108281                     0.303581596950
 297                     0.543742209354                     0.303797038702
 298                    -0.043344558197                     0.310075882219
 299                    -0.630431325748                     0.316354725735
 300                     0.455122991887                     0.316570167488
 301                    -0.131963775664                     0.322849011005
 302                     0.897787332717                     0.326262198252
 303                    -0.719027375284                     0.329287572679
 304                     0.366503774420                     0.329343296274
 305                    -0.894874674213                     0.334168272353
 306                    -0.220582993131                     0.335622139790
 307                     0.277884556953                     0.342116425059
 308                     0.809766607582                     0.342659468454
 309                    -0.309202210599                     0.348395268576
 310                    -0.806486772124                     0.348454534558
 311                     0.189265339485                     0.354889553845
 312                    -0.397821428066                     0.361168397361
 313                     0.687732889570                     0.361383839114
 314                     0.100646122018                     0.367662682630
 315                    -0.486440645533                     0.373941526147
 316                     0.599113672102                     0.374156967899
 317                     0.012026904551                     0.380435811416
 318                    -0.575059863000                     0.386714654933
 319                     0.510494454635                     0.386930096685
 320                    -0.076592312916                     0.393208940202
 321                     0.421875237168                     0.399703225471
 322                    -0.666446429931                     0.401756619239
 323                    -0.165211530384                     0.405982068987
 324                     0.333256019700                     0.412476354256
 325                     0.758585313139                     0.416123702083
 326                     0.859129529985                     0.417547054318
 327                    -0.253830747851                     0.418755197773
 328                    -0.856276462173                     0.423367112789
 329                     0.244636802233                     0.425249483042
 330                    -0.763604820972                     0.427052605711
 331                    -0.342449965318                     0.431528326559
 332                     0.156017584766                     0.438022611828
 333                    -0.431069182785                     0.444301455344
 334                     0.654485134850                     0.444516897097
 335                     0.067398367299                     0.450795740613
 336                    -0.519688400252                     0.457074584130
 337                     0.565865917383                     0.457290025883
 338                    -0.021220850169                     0.463568869399
 339                    -0.608307617720                     0.469847712916
 340                     0.477246699915                     0.470063154668
 341                    -0.109840067636                     0.476341998185
 342                     0.388627482448                     0.482836283454
 343                    -0.696345640721                     0.486151854398
 344                    -0.198459285103                     0.489115126970
 345                     0.814977372045                     0.495491175415
 346                     0.300008264981                     0.495609412239
 347                     0.725337558419                     0.499256760065
 348                    -0.287078502570                     0.501888255756
 349                    -0.812759032867                     0.501888305590
 350                     0.211389047514                     0.508382541025
 351                    -0.375697720037                     0.514661384542
 352                     0.122769830047                     0.521155669811
 353                    -0.464316937505                     0.527434513327
 354                     0.631540746077                     0.531361020136
 355                     0.034150612579                     0.533928798596
 356                    -0.552936154972                     0.540207642113
 357                     0.532618162663                     0.540423083865
 358                    -0.054468604888                     0.546701927382
 359                     0.443998945196                     0.553196212651
 360                    -0.143087822355                     0.559475056168
 361                     0.355379727729                     0.565969341437
 362                    -0.231707039822                     0.572248184953
 363                    -0.672722504392                     0.572514264933
 364                    -0.762197912600                     0.575780738496
 365                     0.266760510262                     0.578742470222
 366                     0.756557336736                     0.583172455649
 367                    -0.320326257290                     0.585021313739
 368                     0.178141292794                     0.591515599008
 369                    -0.408945474757                     0.597794442525
 370                     0.089522075327                     0.604288727794
 371                    -0.497564692224                     0.610567571310
 372                     0.587989625411                     0.610783013063
 373                     0.000902857860                     0.617061856579
 374                    -0.596017240750                     0.618696740538
 375                     0.676617281069                     0.623497460591
 376                     0.499370407943                     0.623556141848
 377                    -0.087716359607                     0.629834985365
 378                     0.410751190476                     0.636329270634
 379                    -0.176335577075                     0.642608114150
 380                     0.322131973009                     0.649102399420
 381                    -0.264954794542                     0.655381242936
 382                    -0.690255037079                     0.660315909685
 383                     0.233512755542                     0.661875528205
 384                    -0.353574012009                     0.668154371722
 385                     0.144893538075                     0.674648656991
 386                    -0.446601489136                     0.684448700086
 387                     0.056274320608                     0.687421785777
 388                    -0.540645778002                     0.689056669735
 389                     0.554241909313                     0.694306667366
 390                    -0.032344896860                     0.700194914562
 391                     0.642948147610                     0.706460753531
 392                     0.465622691845                     0.707079796151
 393                    -0.120964114327                     0.712968043348
 394                    -0.625398767310                     0.722042587832
 395                    -0.209583331794                     0.725741172134
 396                     0.288884218289                     0.732235457402
 397                     0.378839526410                     0.733170493495
 398                    -0.298202549261                     0.738514300919
 399                     0.200265000822                     0.745008586188
 400                    -0.386821766729                     0.751287429705
 401                     0.111721503061                     0.758303014546
 402                     0.023026565888                     0.770554843760
 403                    -0.555048042210                     0.777425744129
 404                    -0.065592651579                     0.783327972545
 405                     0.546438741919                     0.783501000717
 406                    -0.466672592840                     0.791788838232
 407                     0.457819524452                     0.796274129504
 408                    -0.153645518071                     0.800938611416
 409                    -0.242831086513                     0.808874230116
 410                     0.332209930966                     0.810589788135
 411                    -0.331450303981                     0.821647358902
 412                     0.243590713499                     0.823362916921
 413                     0.077984093925                     0.841238566324
 414                    -0.411301130093                     0.862148767429
 415                     0.164314603198                     0.864978020658
 416                     0.402195061402                     0.866434215263
 417                    -0.093765935717                     0.868314939689
 418                    -0.004555615518                     0.875933160839
 419                    -0.213434360188                     0.893445803383
 420                     0.316735733972                     0.899215612968
 421                    -0.302053577655                     0.906218932169
 422                     0.228684232638                     0.927444129641
 423                    -0.140156969248                     0.944894248457
 424                     0.127655608473                     0.946664228975
 425                    -0.051072611367                     0.953866188290
 426                     0.038460446122                     0.954457914672
