   1                    -0.026137896197                    -0.954700750907
   2                     0.063727684945                    -0.952929953130
   3                     0.164171865608                    -0.940842341704
   4                    -0.169359807375                    -0.939922320751
   5                     0.251891836948                    -0.921242213470
   6                    -0.269913448758                    -0.916124142013
   7                    -0.092225083115                    -0.893779144525
   8                    -0.356792186177                    -0.885908598932
   9                     0.358357118716                    -0.885277859695
  10                     0.105072701293                    -0.873120504929
  11                    -0.006421830890                    -0.867006764981
  12                    -0.202697375606                    -0.856450379698
  13                     0.192792672634                    -0.853520376695
  14                    -0.438286736463                    -0.847971904794
  15                     0.439993598869                    -0.847668771605
  16                     0.282671924775                    -0.836793740469
  17                    -0.287984406287                    -0.828076433963
  18                    -0.120410156111                    -0.808429510320
  19                     0.053182203423                    -0.799728852614
  20                     0.523808006528                    -0.798598699019
  21                    -0.529418722535                    -0.794891520668
  22                     0.359594853284                    -0.790298348564
  23                     0.140902174764                    -0.780128724379
  24                    -0.033790268098                    -0.774050614189
  25                    -0.358895223424                    -0.772844066535
  26                    -0.199971317562                    -0.766608702251
  27                    -0.447519977143                    -0.757857024560
  28                     0.443416838324                    -0.757850956944
  29                     0.271370190063                    -0.747624075273
  30                    -0.601800571888                    -0.741601500184
  31                     0.592456415819                    -0.740575156924
  32                    -0.281075680800                    -0.727865436224
  33                    -0.123817302769                    -0.718611083756
  34                     0.031742321601                    -0.712440308885
  35                     0.191713373792                    -0.705985751333
  36                     0.348853399215                    -0.701059458144
  37                     0.507450055596                    -0.694773976321
  38                    -0.511019060466                    -0.694242365747
  39                     0.664181098432                    -0.686294529983
  40                    -0.358938088589                    -0.682961050556
  41                    -0.203378464220                    -0.676790275687
  42                    -0.678206069894                    -0.672438279814
  43                    -0.047818839850                    -0.670619500819
  44                     0.109290757755                    -0.666843731435
  45                     0.270092619566                    -0.657750129034
  46                     0.426578558743                    -0.653145309390
  47                    -0.590580221917                    -0.652421557678
  48                     0.583448518515                    -0.646782393384
  49                    -0.438499250040                    -0.641140242488
  50                    -0.282939625670                    -0.634969467619
  51                    -0.127380001301                    -0.628798692751
  52                     0.028179623070                    -0.622627917881
  53                     0.183739247440                    -0.616457143013
  54                     0.346979988620                    -0.611195957592
  55                     0.502539612990                    -0.605025182723
  56                    -0.518060411490                    -0.599319434420
  57                     0.673518517473                    -0.596897824202
  58                    -0.362500787121                    -0.593148659551
  59                    -0.206941162751                    -0.586977884683
  60                    -0.683889059489                    -0.582735091308
  61                    -0.051381538381                    -0.580807109814
  62                     0.761144998671                    -0.576883874275
  63                     0.104178085989                    -0.574636334945
  64                     0.259737710359                    -0.568465560076
  65                     0.422978451539                    -0.563204374655
  66                    -0.771553335945                    -0.562887345028
  67                    -0.597621572941                    -0.557498626352
  68                     0.578538075909                    -0.557033599786
  69                    -0.442061948571                    -0.551327851483
  70                    -0.286502324202                    -0.545157076615
  71                    -0.130942699832                    -0.538986301746
  72                     0.024616924538                    -0.532815526876
  73                     0.180176548908                    -0.526644752008
  74                     0.336625079413                    -0.521911388633
  75                     0.498976914458                    -0.515212791718
  76                    -0.521623110022                    -0.509507043415
  77                     0.654536538828                    -0.509042016850
  78                    -0.366063485652                    -0.503336268546
  79                     0.812006091786                    -0.502775119017
  80                    -0.210503861283                    -0.497165493678
  81                    -0.710532545231                    -0.496891727754
  82                    -0.054944236913                    -0.490994718809
  83                    -0.821052544408                    -0.487862104207
  84                     0.100615387457                    -0.484823943940
  85                     0.256175011827                    -0.478653169071
  86                     0.412623542333                    -0.473919805696
  87                    -0.618463835812                    -0.470023012410
  88                     0.574975377377                    -0.467221208781
  89                     0.731305052165                    -0.462291209201
  90                    -0.445624647103                    -0.461515460478
  91                    -0.290065022733                    -0.455344685610
  92                    -0.134505398364                    -0.449173910741
  93                     0.021054226006                    -0.443003135872
  94                     0.176613850376                    -0.436832361003
  95                     0.333062380881                    -0.432098997628
  96                     0.488622005251                    -0.425928222759
  97                    -0.525185808554                    -0.419694652410
  98                     0.650973840296                    -0.419229625845
  99                    -0.369626184184                    -0.413523877542
 100                     0.806533464666                    -0.413058850976
 101                    -0.688817701192                    -0.409671180018
 102                    -0.778694174336                    -0.408585834847
 103                    -0.214066559814                    -0.407353102673
 104                    -0.058506935445                    -0.401182327804
 105                    -0.867997420891                    -0.398393261398
 106                     0.097052688926                    -0.395011552936
 107                     0.252612313295                    -0.388840778067
 108                     0.409060843801                    -0.384107414691
 109                     0.564620468170                    -0.377936639822
 110                    -0.604746970004                    -0.377873844341
 111                    -0.449187345635                    -0.371703069474
 112                     0.726972303215                    -0.371238042908
 113                    -0.293627721265                    -0.365532294605
 114                     0.882531927585                    -0.365067268039
 115                    -0.138068096895                    -0.359361519736
 116                     0.017491527475                    -0.353190744867
 117                     0.173051151845                    -0.347019969999
 118                     0.329499682350                    -0.342286606623
 119                     0.485059306720                    -0.336115831755
 120                     0.640618931090                    -0.329945056886
 121                    -0.528748507085                    -0.329882261405
 122                    -0.722425983614                    -0.326307868235
 123                    -0.812302456757                    -0.325222523063
 124                    -0.373188882715                    -0.323711486537
 125                     0.802970766134                    -0.323246459971
 126                    -0.217629258346                    -0.317540711668
 127                    -0.901605703313                    -0.315029949615
 128                    -0.062069633976                    -0.311369936799
 129                     0.093489990394                    -0.305199161931
 130                     0.249049614764                    -0.299028387062
 131                     0.405498145269                    -0.294295023687
 132                     0.561057769639                    -0.288124248818
 133                    -0.609783842161                    -0.288108335611
 134                     0.716617394009                    -0.281953473949
 135                    -0.452750044166                    -0.281890678468
 136                     0.912942921524                    -0.280485178643
 137                    -0.297190419796                    -0.275719903600
 138                    -0.141630795427                    -0.269549128731
 139                     0.013928828943                    -0.263378353863
 140                     0.169488453313                    -0.257207578994
 141                     0.325936983818                    -0.252474215618
 142                     0.481496608188                    -0.246303440750
 143                    -0.690154262419                    -0.242418092875
 144                    -0.849383573266                    -0.241873900430
 145                     0.637056232558                    -0.240132665881
 146                    -0.532311205617                    -0.240069870400
 147                     0.792615856928                    -0.233961891012
 148                    -0.376751581247                    -0.233899095532
 149                    -0.221191956877                    -0.227728320663
 150                    -0.065632332508                    -0.221557545795
 151                     0.089927291862                    -0.215386770926
 152                     0.245486916232                    -0.209215996057
 153                    -0.932310791618                    -0.207203526112
 154                     0.401935446737                    -0.204482632682
 155                    -0.769626340548                    -0.200428246523
 156                     0.875352834652                    -0.198839947504
 157                     0.557495071107                    -0.198311857813
 158                    -0.611872367068                    -0.198249062332
 159                     0.713054695477                    -0.192141082944
 160                    -0.456312742698                    -0.192078287463
 161                    -0.300753118328                    -0.185907512595
 162                    -0.145193493958                    -0.179736737727
 163                     0.010366130411                    -0.173565962858
 164                     0.165925754781                    -0.167395187989
 165                     0.322374285286                    -0.162661824613
 166                     0.477933909656                    -0.156491049745
 167                    -0.854899515715                    -0.152160285089
 168                    -0.694799477930                    -0.150629661908
 169                     0.633493534026                    -0.150320274876
 170                    -0.535873904149                    -0.150257479395
 171                     0.789053158396                    -0.144149500007
 172                    -0.380314279779                    -0.144086704527
 173                     0.944526132270                    -0.141446452267
 174                    -0.224754655409                    -0.137915929658
 175                    -0.069195031039                    -0.131745154790
 176                     0.086364593330                    -0.125574379921
 177                     0.241924217700                    -0.119403605052
 178                    -0.947660828007                    -0.118640922370
 179                     0.398372748205                    -0.114670241677
 180                    -0.775240214426                    -0.110526715498
 181                     0.553932372575                    -0.108499466808
 182                    -0.615435065599                    -0.108436671327
 183                     0.709491996945                    -0.102328691939
 184                    -0.459875441229                    -0.102265896459
 185                     0.866005625866                    -0.097703013068
 186                    -0.304315816860                    -0.096095121590
 187                    -0.148756192490                    -0.089924346721
 188                     0.006803431880                    -0.083753571853
 189                     0.162363056250                    -0.077582796984
 190                     0.318811586754                    -0.072849433609
 191                     0.474371211123                    -0.066678658740
 192                    -0.875742306071                    -0.064727245058
 193                    -0.700289675819                    -0.060914467399
 194                     0.629930835494                    -0.060507883872
 195                    -0.539436602680                    -0.060445088390
 196                    -0.383876978310                    -0.054274313522
 197                     0.787911576878                    -0.053202699458
 198                     0.953640358963                    -0.052026715795
 199                    -0.228317353940                    -0.048103538653
 200                    -0.072757729571                    -0.041932763785
 201                     0.082801894799                    -0.035761988916
 202                     0.238361519168                    -0.029591214047
 203                     0.394810049673                    -0.024857850672
 204                    -0.954804733091                    -0.021970732793
 205                    -0.780829501098                    -0.020814350517
 206                    -0.620925263488                    -0.018721476817
 207                     0.550369674043                    -0.018687075803
 208                     0.707792086245                    -0.012461741938
 209                    -0.463438139761                    -0.012453505454
 210                     0.875119852560                    -0.008283276596
 211                    -0.307878515391                    -0.006282730585
 212                    -0.152318891022                    -0.000111955717
 213                     0.003240733348                     0.006058819152
 214                     0.158800357718                     0.012229594021
 215                     0.315248888223                     0.016962957396
 216                     0.470808512592                     0.023133732265
 217                    -0.860065587112                     0.023778115692
 218                    -0.703852374351                     0.028897923606
 219                    -0.544926800569                     0.029270106120
 220                     0.626368136961                     0.029304507133
 221                    -0.387439676842                     0.035538077483
 222                     0.792910556014                     0.036542116851
 223                    -0.231880052472                     0.041708852351
 224                     0.954139283642                     0.041868092732
 225                    -0.076320428102                     0.047879627220
 226                     0.079239196267                     0.054050402089
 227                     0.234798820637                     0.060221176958
 228                     0.391247351141                     0.064954540333
 229                    -0.942975482322                     0.067132584841
 230                    -0.783413535802                     0.070718731674
 231                    -0.624487962021                     0.071090914188
 232                     0.546806975511                     0.071125315202
 233                     0.702390129379                     0.077258809001
 234                    -0.468928337650                     0.077261689057
 235                     0.873316187160                     0.081581650878
 236                    -0.311441213923                     0.083529660419
 237                    -0.155881589553                     0.089700435288
 238                    -0.000321965183                     0.095871210157
 239                     0.155237659186                     0.102041985026
 240                     0.311686189691                     0.106775348401
 241                     0.467245814060                     0.112946123270
 242                    -0.863628285644                     0.113590506697
 243                    -0.707415072883                     0.118710314611
 244                    -0.548489499101                     0.119082497125
 245                     0.622805438430                     0.119116898138
 246                    -0.392929874731                     0.125253271993
 247                     0.778365051185                     0.125287650911
 248                    -0.235442751004                     0.131521243356
 249                     0.945436966265                     0.135224466055
 250                    -0.079883126634                     0.137692018225
 251                     0.075676497736                     0.143862793094
 252                     0.231236122105                     0.150033567962
 253                     0.387684652610                     0.154766931338
 254                    -0.941950849622                     0.157687381538
 255                    -0.786976234334                     0.160531122679
 256                    -0.628050660552                     0.160903305193
 257                     0.543244276980                     0.160937706207
 258                    -0.472491036182                     0.167074080061
 259                     0.698803901349                     0.167108481075
 260                     0.856417008027                     0.169861751373
 261                    -0.316931411811                     0.173244854929
 262                    -0.159444288085                     0.179512826293
 263                    -0.003884663715                     0.185683601162
 264                     0.151674960655                     0.191854376030
 265                     0.308123491159                     0.196587739406
 266                     0.463683115529                     0.202758514275
 267                    -0.710977771415                     0.208522705616
 268                    -0.552052197633                     0.208894888129
 269                     0.619242739899                     0.208929289143
 270                    -0.396492573263                     0.215065662998
 271                     0.776167831079                     0.215148285790
 272                    -0.873650172405                     0.216116619856
 273                    -0.240932948892                     0.221236437866
 274                     0.928537787132                     0.223504566550
 275                    -0.083445825166                     0.227504409230
 276                     0.072113799204                     0.233675184099
 277                     0.227673423574                     0.239845958967
 278                     0.384121954078                     0.244579322343
 279                    -0.790538932866                     0.250343513684
 280                    -0.631613359084                     0.250715696198
 281                     0.539681578448                     0.250750097212
 282                    -0.476053734714                     0.256886471066
 283                     0.695241202818                     0.256920872080
 284                    -0.320494110343                     0.263057245934
 285                    -0.164934485973                     0.269228020803
 286                    -0.007447362247                     0.275495992167
 287                     0.856956782939                     0.277865565783
 288                     0.148112262123                     0.281666767035
 289                     0.304560792628                     0.286400130411
 290                     0.460120416998                     0.292570905280
 291                    -0.714540469947                     0.298335096621
 292                    -0.555614896165                     0.298707279134
 293                     0.615680041367                     0.298741680148
 294                    -0.906833243411                     0.299650099356
 295                    -0.400055271795                     0.304878054003
 296                     0.771239665736                     0.304912455017
 297                    -0.244495647424                     0.311048828871
 298                    -0.088936023054                     0.317219603740
 299                     0.068551100673                     0.323487575103
 300                     0.224110725042                     0.329658349972
 301                     0.380559255547                     0.334391713348
 302                    -0.795901491906                     0.340071306885
 303                    -0.635176057616                     0.340528087203
 304                     0.536118879916                     0.340562488216
 305                    -0.479616433246                     0.346698862071
 306                     0.691678504286                     0.346733263085
 307                    -0.324056808875                     0.352869636939
 308                    -0.168497184505                     0.359040411808
 309                     0.883019177607                     0.363887132748
 310                    -0.012937560135                     0.365211186677
 311                     0.144549563592                     0.371479158040
 312                     0.300998094096                     0.376212521416
 313                     0.456557718466                     0.382383296285
 314                    -0.874647644460                     0.383572954521
 315                    -0.718103168478                     0.388147487626
 316                    -0.559177594697                     0.388519670139
 317                     0.612117342835                     0.388554071153
 318                    -0.403617970326                     0.394690445008
 319                     0.768275307096                     0.394798403859
 320                    -0.248058345956                     0.400861219876
 321                    -0.092498721586                     0.407031994745
 322                     0.063060902784                     0.413202769613
 323                     0.220548026511                     0.419470740977
 324                     0.376996557015                     0.424204104352
 325                    -0.797664329929                     0.429968295694
 326                    -0.638738756147                     0.430340478207
 327                     0.532556181385                     0.430374879221
 328                    -0.483179131778                     0.436511253076
 329                     0.688115805755                     0.436545654090
 330                    -0.327619507407                     0.442682027943
 331                     0.844900224886                     0.445286787798
 332                    -0.172059883037                     0.448852802813
 333                    -0.016500258667                     0.455023577681
 334                     0.139059365703                     0.461194352550
 335                     0.297435395565                     0.466024912420
 336                     0.452995019934                     0.472195687289
 337                    -0.721665867010                     0.477959878631
 338                    -0.562740293228                     0.478332061144
 339                     0.608554644304                     0.478366462158
 340                    -0.407180668859                     0.484502836012
 341                     0.764072332857                     0.484603581525
 342                    -0.251621044487                     0.490673610881
 343                    -0.096061420118                     0.496844385750
 344                     0.059498204252                     0.503015160618
 345                     0.215057828622                     0.509185935487
 346                     0.373433858484                     0.514016495358
 347                    -0.801227028460                     0.519780686699
 348                    -0.642301454679                     0.520152869212
 349                     0.528993482853                     0.520187270226
 350                    -0.486741830309                     0.526323644081
 351                     0.685681714345                     0.528579362679
 352                    -0.331182205938                     0.532494418948
 353                    -0.175622581568                     0.538665193818
 354                    -0.020062957199                     0.544835968687
 355                     0.135496667171                     0.551006743555
 356                     0.291945197676                     0.555740106931
 357                     0.448449952284                     0.563595887012
 358                    -0.566302991760                     0.568144452149
 359                     0.604991945773                     0.568178853163
 360                     0.762961167232                     0.574479739152
 361                    -0.411471099719                     0.575448744745
 362                    -0.255183743020                     0.580486001886
 363                    -0.099624118649                     0.586656776754
 364                    -0.748815006305                     0.592800809490
 365                     0.055935505721                     0.592827551623
 366                     0.211495130090                     0.598998326492
 367                     0.367943660595                     0.603731689867
 368                    -0.660264866035                     0.608222581664
 369                     0.525430784322                     0.609999661231
 370                    -0.491032261169                     0.617269552813
 371                    -0.334767995201                     0.622305891010
 372                    -0.179185280100                     0.628477584823
 373                    -0.023625655730                     0.634648359691
 374                     0.131933968640                     0.640819134560
 375                     0.705576442077                     0.643660312421
 376                     0.288382499144                     0.645552497935
 377                     0.442850273919                     0.653410233315
 378                     0.616733080176                     0.657291726317
 379                    -0.571590479633                     0.657871821835
 380                    -0.258746441550                     0.670298392890
 381                    -0.420132715042                     0.672516387640
 382                    -0.103186817181                     0.676469167759
 383                     0.052372807189                     0.682639942628
 384                     0.207932431559                     0.688810717497
 385                    -0.652148613657                     0.697738417392
 386                     0.519890056013                     0.699711749205
 387                     0.369592651523                     0.705489779777
 388                    -0.338307606194                     0.712119194885
 389                    -0.503109154804                     0.716089229443
 390                    -0.182747978631                     0.718289975827
 391                    -0.027188354261                     0.724460750696
 392                     0.128371270108                     0.730631525565
 393                     0.284819800613                     0.735364888940
 394                     0.597478329322                     0.745088155449
 395                     0.447199573445                     0.752580001900
 396                    -0.583667288829                     0.755955825000
 397                    -0.264026072812                     0.762734351754
 398                    -0.428053985016                     0.765543045140
 399                    -0.106749515712                     0.766281558764
 400                     0.048810108658                     0.772452333633
 401                     0.205111710753                     0.778938942668
 402                     0.368150701519                     0.795361238979
 403                     0.524787846755                     0.797956408144
 404                    -0.345760832969                     0.801692672038
 405                    -0.509563579362                     0.806946632804
 406                    -0.186310677162                     0.808102366832
 407                    -0.030751052793                     0.814273141701
 408                     0.124808571577                     0.820443916570
 409                     0.283377850609                     0.825236348141
 410                     0.442416055833                     0.846405779351
 411                    -0.424831504854                     0.855368286695
 412                    -0.111537247447                     0.858044381131
 413                    -0.257163620576                     0.863408956027
 414                     0.046478824674                     0.864528031044
 415                     0.191493003218                     0.880711196046
 416                     0.359474874667                     0.884824574638
 417                    -0.342538352807                     0.891517913593
 418                    -0.034229926260                     0.904088818719
 419                     0.274702023757                     0.914699683800
 420                    -0.201082180012                     0.933650186248
 421                     0.129909399540                     0.946181938800
 422                    -0.112420770941                     0.948418833460
 423                     0.040385096327                     0.954204253499
