   1                     0.016290938194                    -0.954515490316
   2                    -0.074942785316                    -0.951703106175
   3                     0.106792868810                    -0.948662479016
   4                    -0.178040404851                    -0.937905555033
   5                     0.254688226578                    -0.920053869707
   6                    -0.269282197122                    -0.915888811065
   7                     0.340844301272                    -0.891734477415
   8                     0.171146446585                    -0.884760411646
   9                    -0.026259616183                    -0.874426118308
  10                    -0.116883499920                    -0.870937725699
  11                     0.064242314432                    -0.868573107008
  12                    -0.420741298179                    -0.856937556609
  13                    -0.205457793824                    -0.851458207078
  14                    -0.330407841481                    -0.848892447073
  15                     0.478576997364                    -0.826032247261
  16                     0.388604577988                    -0.814638348106
  17                    -0.500158873939                    -0.813145938156
  18                     0.296511608592                    -0.811964895426
  19                     0.206143627747                    -0.801094083311
  20                     0.115736869833                    -0.793919453711
  21                    -0.070719539648                    -0.792874792506
  22                     0.019905509134                    -0.789411301184
  23                     0.554800944027                    -0.776891967025
  24                    -0.159408521933                    -0.773328048083
  25                    -0.251105216753                    -0.767468604577
  26                    -0.341725950806                    -0.758910462278
  27                    -0.568213063505                    -0.753200258837
  28                    -0.432225740320                    -0.752888756288
  29                     0.443458193792                    -0.742416896863
  30                     0.347967176114                    -0.733561478683
  31                     0.257560418200                    -0.726386849084
  32                     0.167153660286                    -0.719212219484
  33                     0.073493029359                    -0.713667861619
  34                    -0.016916092885                    -0.706521666913
  35                    -0.644542139772                    -0.704223434699
  36                    -0.107991731480                    -0.698620813856
  37                    -0.199228143050                    -0.691846424630
  38                     0.578668455474                    -0.689397972467
  39                    -0.289634900965                    -0.684671795042
  40                     0.668975007495                    -0.681056279076
  41                    -0.380870283377                    -0.677102281672
  42                    -0.471360852487                    -0.671076164457
  43                     0.491229971477                    -0.665327893475
  44                    -0.561668442099                    -0.662745711593
  45                     0.400536448639                    -0.659660183618
  46                     0.308977208653                    -0.651679614856
  47                     0.218570450739                    -0.644504985256
  48                     0.125098157780                    -0.638861787653
  49                     0.034690733961                    -0.631695553996
  50                    -0.055715357305                    -0.624512528965
  51                    -0.681731737282                    -0.621508315021
  52                    -0.147811352596                    -0.617139190402
  53                     0.730582813091                    -0.614503026142
  54                    -0.238218110521                    -0.609964560807
  55                    -0.328779137064                    -0.602863568108
  56                     0.633054560678                    -0.597782161326
  57                    -0.419844893731                    -0.595213106965
  58                     0.542646761930                    -0.590620659248
  59                    -0.510251651646                    -0.588038477366
  60                     0.450800757020                    -0.584147010228
  61                    -0.600658409560                    -0.580863847766
  62                     0.360393999106                    -0.576972380628
  63                    -0.760664569189                    -0.576848878911
  64                     0.269987241192                    -0.569797751028
  65                     0.176514948233                    -0.564154553425
  66                     0.086108190319                    -0.556979923826
  67                    -0.004298567595                    -0.549805294226
  68                    -0.095534978421                    -0.543030905511
  69                     0.784920755938                    -0.541685161542
  70                    -0.186801320068                    -0.535257326580
  71                     0.694662366274                    -0.531228908393
  72                    -0.277347116123                    -0.528149048176
  73                    -0.367753874037                    -0.520974418577
  74                     0.594506112012                    -0.515691514527
  75                    -0.458834861193                    -0.513331243138
  76                     0.502217547473                    -0.509439776000
  77                    -0.549241619107                    -0.506156613538
  78                     0.411810789559                    -0.502265146400
  79                    -0.640404888226                    -0.499346229023
  80                     0.321404031645                    -0.495090516801
  81                    -0.731004195047                    -0.491145206924
  82                     0.227931738686                    -0.489447319197
  83                    -0.821560960193                    -0.486212715391
  84                     0.137524980772                    -0.482272689598
  85                     0.047118222857                    -0.475098059999
  86                    -0.044118188711                    -0.468323670772
  87                    -0.134524946625                    -0.461149041172
  88                     0.836573951697                    -0.459901336444
  89                     0.745949318078                    -0.456432479593
  90                    -0.225930325670                    -0.453441813949
  91                     0.655592083594                    -0.448658975695
  92                    -0.316337083584                    -0.446267184349
  93                    -0.406743841498                    -0.439092554750
  94                     0.553634337926                    -0.434732541772
  95                    -0.497824828654                    -0.431449379311
  96                     0.463227580012                    -0.427557912173
  97                    -0.588231586568                    -0.424274749711
  98                     0.372820822098                    -0.420383282573
  99                    -0.678638344482                    -0.417100120111
 100                     0.279348529139                    -0.414740084970
 101                    -0.772010914648                    -0.410254502056
 102                     0.188941771225                    -0.407565455370
 103                    -0.862795065982                    -0.403927271209
 104                     0.098535013310                    -0.400390825771
 105                     0.007298601742                    -0.393616436544
 106                    -0.083108156172                    -0.386441806945
 107                    -0.173653952227                    -0.379333528541
 108                     0.876439754396                    -0.378442297894
 109                     0.785815120777                    -0.374973441043
 110                    -0.264920293131                    -0.371559950122
 111                     0.695457886293                    -0.367199937144
 112                    -0.355327051045                    -0.364385320522
 113                     0.605051128379                    -0.360025307545
 114                    -0.445733808959                    -0.357210690922
 115                     0.514644370465                    -0.352850677945
 116                    -0.536814796115                    -0.349567515484
 117                     0.424237612551                    -0.345676048345
 118                    -0.627221554029                    -0.342392885884
 119                     0.330765319592                    -0.340032850742
 120                    -0.718587561453                    -0.335681374345
 121                     0.240358561678                    -0.332858221143
 122                    -0.808931252748                    -0.327418846563
 123                     0.149951803763                    -0.325683591544
 124                    -0.899338010662                    -0.320244216963
 125                     0.058715392196                    -0.318909202317
 126                    -0.031691365719                    -0.311734572717
 127                    -0.122237161773                    -0.304626294314
 128                    -0.212643919688                    -0.297451664714
 129                     0.747064046935                    -0.292623365188
 130                     0.851453075443                    -0.291261319112
 131                    -0.303910260592                    -0.289678086294
 132                     0.656467918832                    -0.285318073317
 133                    -0.394317018506                    -0.282503456695
 134                     0.566061160918                    -0.278143443717
 135                    -0.484723776420                    -0.275328827095
 136                     0.475654403004                    -0.270968814118
 137                    -0.575804763576                    -0.267685651656
 138                     0.382182110045                    -0.265325616514
 139                    -0.666211521490                    -0.260511022057
 140                     0.291775352131                    -0.258150986915
 141                    -0.756618279404                    -0.253336392457
 142                     0.201368594216                    -0.250976357316
 143                    -0.847921220209                    -0.245536982736
 144                     0.110132182649                    -0.244201968089
 145                     0.924601388912                    -0.237649926451
 146                     0.019725424734                    -0.237027338489
 147                    -0.070820371320                    -0.229919060086
 148                    -0.161227129235                    -0.222744430486
 149                     0.798291467200                    -0.217785468689
 150                    -0.251633887149                    -0.215569800887
 151                     0.707884709285                    -0.210610839089
 152                    -0.931301492000                    -0.209863638870
 153                    -0.342900228053                    -0.207796222467
 154                     0.617477951371                    -0.203436209490
 155                    -0.433306985967                    -0.200621592867
 156                     0.527071193457                    -0.196261579890
 157                    -0.523713743881                    -0.193446963268
 158                     0.433598900498                    -0.190618382287
 159                    -0.614794731037                    -0.185803787829
 160                     0.343192142584                    -0.183443752687
 161                    -0.705201488951                    -0.178629158229
 162                     0.252785384668                    -0.176269123088
 163                    -0.795608246865                    -0.171454528630
 164                     0.161548973102                    -0.169494733861
 165                     0.071142215187                    -0.162320104262
 166                    -0.019403580867                    -0.155211825858
 167                     0.942980200330                    -0.148840712530
 168                    -0.109810338782                    -0.148037196259
 169                     0.851978468163                    -0.144684590389
 170                    -0.200217096696                    -0.140862566659
 171                     0.759301499739                    -0.135903604861
 172                    -0.878988518656                    -0.135781184764
 173                    -0.290623854610                    -0.133687937059
 174                     0.668894741824                    -0.128728975262
 175                    -0.381890195514                    -0.125914358640
 176                     0.578487983910                    -0.121554345662
 177                    -0.472296953428                    -0.118739729040
 178                     0.485015690951                    -0.115911148059
 179                    -0.562703711343                    -0.111565099440
 180                     0.394608933037                    -0.108736518460
 181                    -0.653784698498                    -0.103921924002
 182                     0.304202175121                    -0.101561888861
 183                    -0.744191456412                    -0.096747294402
 184                     0.212965763555                    -0.094787499633
 185                     0.122559005640                    -0.087612870034
 186                    -0.951217314329                    -0.080937240139
 187                     0.032013209586                    -0.080504591631
 188                    -0.058393548329                    -0.073329962031
 189                     0.901123827040                    -0.068386370190
 190                    -0.148800306243                    -0.066155332431
 191                     0.810718290192                    -0.061196370634
 192                    -0.239207064157                    -0.058980702832
 193                     0.720311532277                    -0.054021741034
 194                    -0.329613822071                    -0.051806073232
 195                     0.629904774363                    -0.046847111435
 196                    -0.420880162975                    -0.044032494812
 197                     0.536432481404                    -0.041203913831
 198                    -0.870357214655                    -0.039870203879
 199                    -0.511286920890                    -0.036857865213
 200                     0.446025723490                    -0.034029284232
 201                    -0.601693678804                    -0.029683235613
 202                     0.355618965573                    -0.026854654633
 203                    -0.692774665959                    -0.022040060175
 204                     0.264382554008                    -0.020080265406
 205                    -0.783181423873                    -0.014865430575
 206                     0.173975796093                    -0.012905635806
 207                     0.083430000039                    -0.005797357403
 208                    -0.006976757875                     0.001377272197
 209                     0.954642282393                     0.004829967625
 210                    -0.097383515790                     0.008551901796
 211                    -0.953462131445                     0.009729567239
 212                     0.864475846197                     0.014570140625
 213                    -0.187790273704                     0.015726531396
 214                     0.771728322730                     0.020685493193
 215                    -0.278197031618                     0.022901160996
 216                     0.681321564816                     0.027860122793
 217                    -0.368603789532                     0.030075790595
 218                     0.587849271857                     0.033503320396
 219                    -0.459870130436                     0.037849369015
 220                     0.497442513943                     0.040677949996
 221                    -0.550276888351                     0.045023998614
 222                     0.407035756026                     0.047852579594
 223                    -0.848424088162                     0.048128632185
 224                    -0.640683646265                     0.052198628214
 225                     0.315799344461                     0.054626968822
 226                    -0.731764633420                     0.059841803653
 227                     0.225392586546                     0.061801598421
 228                     0.134846790492                     0.068909876825
 229                     0.044440032578                     0.076084506424
 230                    -0.045966725337                     0.083259136024
 231                    -0.136373483251                     0.090433765623
 232                     0.823225881743                     0.095337074571
 233                     0.949876248067                     0.095395646021
 234                    -0.226780241165                     0.097608395223
 235                    -0.949361530227                     0.100329913808
 236                     0.732738355269                     0.102567357021
 237                    -0.317186999079                     0.104783024823
 238                     0.639266062310                     0.108210554624
 239                    -0.407593756993                     0.111957654422
 240                     0.548859304396                     0.115385184223
 241                    -0.498860097898                     0.119731232842
 242                     0.458452546479                     0.122559813822
 243                    -0.589266855812                     0.126905862442
 244                     0.367216134914                     0.129334203050
 245                    -0.679673613726                     0.134080492041
 246                     0.276809376999                     0.136508832649
 247                    -0.861364605099                     0.137891654682
 248                    -0.770754600881                     0.141723667480
 249                     0.186263580945                     0.143617111052
 250                     0.095856823031                     0.150791740652
 251                     0.005450065117                     0.157966370252
 252                     0.886521041026                     0.160287671164
 253                    -0.084956692798                     0.165140999851
 254                    -0.175363450712                     0.172315629451
 255                     0.784235914282                     0.177218938398
 256                    -0.265770208626                     0.179490259050
 257                     0.690682852763                     0.182917788852
 258                    -0.356176966540                     0.186664888650
 259                    -0.935541855735                     0.190070124136
 260                     0.600276094849                     0.190092418451
 261                    -0.446583724455                     0.193839518250
 262                     0.509869336932                     0.197267048049
 263                    -0.537850065359                     0.201613096669
 264                     0.418632925367                     0.204041437277
 265                    -0.628256823273                     0.208787726269
 266                     0.328226167452                     0.211216066877
 267                    -0.718663581187                     0.215962355868
 268                     0.237680371398                     0.218324345280
 269                    -0.809744568342                     0.223605531307
 270                     0.147273613484                     0.225498974880
 271                     0.056866855570                     0.232673604479
 272                    -0.033539902345                     0.239848234079
 273                     0.923142322780                     0.243255971792
 274                    -0.123946660259                     0.247022863678
 275                     0.833049228942                     0.253652684207
 276                    -0.214353418173                     0.254197493278
 277                     0.742180411776                     0.257569370229
 278                    -0.304760176087                     0.261372122878
 279                     0.651781469847                     0.264841831479
 280                    -0.888908897664                     0.267853312602
 281                    -0.395166934001                     0.268546752477
 282                     0.561286127384                     0.271974282277
 283                    -0.485573691916                     0.275721382077
 284                     0.470049715820                     0.278748671505
 285                    -0.576840032820                     0.283494960497
 286                     0.379642957905                     0.285923301104
 287                    -0.667246790734                     0.290669590096
 288                     0.289097161851                     0.293031579508
 289                    -0.757653548648                     0.297844219696
 290                     0.198690403937                     0.300206209107
 291                     0.108283646023                     0.307380838707
 292                     0.017876888108                     0.314555468306
 293                    -0.072529869806                     0.321730097906
 294                    -0.162936627720                     0.328904727506
 295                     0.895893818429                     0.329756701252
 296                    -0.253343385634                     0.336079357105
 297                     0.805800724591                     0.340153413667
 298                    -0.343750143548                     0.343253986705
 299                     0.715197983111                     0.344153466516
 300                     0.612702917837                     0.346681516505
 301                    -0.434156901463                     0.350428616305
 302                     0.521466506273                     0.353455905733
 303                    -0.524563659377                     0.357603245904
 304                    -0.884803842859                     0.358451357346
 305                     0.431059748359                     0.360630535332
 306                    -0.615830000281                     0.365376824324
 307                     0.340513952304                     0.367738813735
 308                    -0.706236758195                     0.372551453923
 309                     0.250107194390                     0.374913443335
 310                    -0.796643516109                     0.379726083523
 311                     0.159700436476                     0.382088072935
 312                     0.069293678561                     0.389262702534
 313                    -0.021113079353                     0.396437332134
 314                    -0.111519837267                     0.403611961733
 315                    -0.201926595181                     0.410786591333
 316                     0.859384450429                     0.415696482959
 317                    -0.292333353095                     0.417961220933
 318                     0.665795153001                     0.420207510219
 319                     0.765693557726                     0.421493885466
 320                    -0.382740111010                     0.425135850532
 321                     0.572883296726                     0.428163139960
 322                    -0.473146868924                     0.432310480132
 323                     0.482476538812                     0.435337769560
 324                    -0.563553626838                     0.439485109732
 325                     0.391930742757                     0.442446047963
 326                    -0.654819967742                     0.447258688151
 327                     0.301523984843                     0.449620677563
 328                    -0.745226725656                     0.454433317751
 329                     0.211117226929                     0.456795307162
 330                    -0.835633483570                     0.461607947350
 331                     0.120710469014                     0.463969936762
 332                     0.030303711100                     0.471144566361
 333                    -0.060103046814                     0.478319195961
 334                    -0.150509804728                     0.485493825561
 335                    -0.240916562642                     0.492668455160
 336                     0.714769742219                     0.496538020484
 337                     0.814518801465                     0.497920011630
 338                    -0.331323320556                     0.499843084760
 339                     0.624300087179                     0.502870374188
 340                    -0.421730078471                     0.507017714360
 341                     0.533893329265                     0.510045003787
 342                    -0.512136836385                     0.514192343959
 343                     0.443347533210                     0.517153282191
 344                    -0.602543594299                     0.521366973559
 345                     0.352940775296                     0.524327911790
 346                    -0.695240958289                     0.530105507141
 347                     0.262534017382                     0.531502541390
 348                     0.172127259468                     0.538677170989
 349                    -0.786031311473                     0.539213366417
 350                     0.081720501553                     0.545851800589
 351                    -0.008686256361                     0.553026430189
 352                    -0.099093014275                     0.560201059788
 353                    -0.189499772189                     0.567375689388
 354                     0.763594985956                     0.572964146647
 355                    -0.279906530103                     0.574550318988
 356                    -0.370313288018                     0.581724948587
 357                     0.585183138826                     0.584839472979
 358                    -0.460720045932                     0.588899578187
 359                     0.494764323663                     0.591860516418
 360                     0.675400447525                     0.594096599826
 361                    -0.551176155532                     0.596108149767
 362                     0.404357565749                     0.599035146018
 363                    -0.641587632220                     0.603223068562
 364                     0.313950807835                     0.606209775618
 365                    -0.731735960908                     0.613129431225
 366                     0.223544049921                     0.613384405217
 367                     0.133137292006                     0.620559034817
 368                     0.042730534092                     0.627733664416
 369                    -0.047676223822                     0.634908294016
 370                    -0.138082981736                     0.642082923615
 371                    -0.228489739650                     0.649257553215
 372                    -0.318896497564                     0.656432182815
 373                    -0.409290463293                     0.663770217315
 374                     0.548885726850                     0.667949972136
 375                    -0.499710054619                     0.670781422383
 376                     0.455774356202                     0.673742380246
 377                     0.365367598288                     0.680917009845
 378                     0.665691183219                     0.684266369556
 379                     0.274960840374                     0.688091639445
 380                    -0.657026590943                     0.692590264669
 381                     0.184554082459                     0.695266269044
 382                     0.094147324545                     0.702440898644
 383                     0.003740566631                     0.709615528243
 384                    -0.086666191283                     0.716790157843
 385                    -0.572353226300                     0.725075315176
 386                    -0.184172237396                     0.728382872680
 387                    -0.274578995310                     0.735557502280
 388                     0.597756242635                     0.744347157119
 389                    -0.448451319951                     0.745597191488
 390                     0.507159081770                     0.748471672794
 391                     0.416906483381                     0.757378168771
 392                     0.326377630827                     0.762798873672
 393                    -0.360054817471                     0.765868243154
 394                     0.145564114998                     0.777148132871
 395                     0.237568996104                     0.784253417420
 396                     0.055286006193                     0.786163068366
 397                    -0.035249400830                     0.791497392071
 398                    -0.126416817039                     0.798305462777
 399                    -0.521094491632                     0.799891084280
 400                    -0.291067034785                     0.824737106117
 401                     0.469746034350                     0.831085963744
 402                    -0.437753015363                     0.835654969971
 403                    -0.203087185421                     0.846746269941
 404                     0.300806391310                     0.849810188431
 405                     0.179179160984                     0.861379278357
 406                     0.088940291937                     0.870423818119
 407                     0.388763336365                     0.871910708857
 408                    -0.001596319744                     0.875713348515
 409                    -0.360901209928                     0.883807406958
 410                    -0.110756624937                     0.887634156766
 411                    -0.275406842683                     0.914065800106
 412                     0.246340026100                     0.922324133622
 413                    -0.187426993318                     0.936074963930
 414                     0.141892527660                     0.944050701242
 415                     0.049738575570                     0.952302960480
 416                    -0.048340379075                     0.953429821052
