   1                     0.016630307584                    -0.953833682522
   2                    -0.075368666073                    -0.950996753527
   3                     0.108474470280                    -0.947791406557
   4                    -0.166666035409                    -0.939307028445
   5                     0.244221080705                    -0.922188334769
   6                    -0.269828046129                    -0.915001306224
   7                     0.331956243453                    -0.894360281697
   8                    -0.356966357807                    -0.884675240096
   9                     0.165072073910                    -0.875206486749
  10                    -0.016844438390                    -0.868093956012
  11                    -0.108843412047                    -0.865257027017
  12                     0.074606404290                    -0.857672604562
  13                     0.424465966626                    -0.854344136880
  14                    -0.200817871317                    -0.853834743906
  15                    -0.440561588432                    -0.846156455889
  16                     0.259898304084                    -0.831490573015
  17                    -0.287852511905                    -0.823887612861
  18                     0.512321427666                    -0.804161471838
  19                     0.347633466831                    -0.803662519942
  20                    -0.530374649193                    -0.792955227323
  21                     0.180749297287                    -0.784508724995
  22                     0.017326870778                    -0.782629454902
  23                    -0.145029596190                    -0.780625948817
  24                     0.429941284501                    -0.762464431752
  25                    -0.355026526757                    -0.760962967064
  26                    -0.446829734719                    -0.754327431816
  27                     0.591550247805                    -0.748427394853
  28                    -0.231068975227                    -0.747697213781
  29                     0.099525153381                    -0.741213254483
  30                     0.261011274587                    -0.739454598435
  31                    -0.604323637023                    -0.738151883273
  32                    -0.062198637565                    -0.736287722934
  33                     0.506980633919                    -0.712097796352
  34                     0.348746437335                    -0.711626545363
  35                     0.177632202667                    -0.692518817716
  36                     0.018221218571                    -0.690591096256
  37                    -0.141189765525                    -0.688663374796
  38                     0.660923318882                    -0.687935772876
  39                    -0.300600749621                    -0.686735653336
  40                    -0.496450928213                    -0.676805844652
  41                    -0.672646996891                    -0.676477108717
  42                    -0.404678910532                    -0.669130928289
  43                     0.428003613935                    -0.664827407791
  44                     0.576353704996                    -0.651606174375
  45                    -0.583994936881                    -0.648382159699
  46                     0.257894179967                    -0.647464691156
  47                     0.098483195870                    -0.645536969696
  48                    -0.060927788225                    -0.643609248236
  49                    -0.220338772321                    -0.641681526777
  50                     0.345629342714                    -0.619636638084
  51                     0.497376685013                    -0.604335785814
  52                     0.178745173170                    -0.600482843137
  53                     0.019334189074                    -0.598555121677
  54                    -0.743732920665                    -0.597441715788
  55                    -0.140076795021                    -0.596627400217
  56                     0.662247468662                    -0.595902594361
  57                    -0.299487779117                    -0.594699678757
  58                    -0.458898763213                    -0.592771957297
  59                    -0.652318296749                    -0.586707385142
  60                     0.753630975065                    -0.584906500620
  61                    -0.546511747328                    -0.564133435614
  62                     0.416332255970                    -0.560704835318
  63                     0.577731725214                    -0.559447849411
  64                     0.259007150470                    -0.555428716577
  65                     0.099596166374                    -0.553500995117
  66                    -0.059814817721                    -0.551573273657
  67                    -0.219225801817                    -0.549645552197
  68                    -0.378636785913                    -0.547717830737
  69                    -0.797847072677                    -0.522986911563
  70                     0.498680111865                    -0.512302311477
  71                    -0.706656278420                    -0.510492978518
  72                     0.339269127770                    -0.510374590017
  73                     0.806491029969                    -0.509556159441
  74                     0.692895185607                    -0.508978356166
  75                     0.179858143674                    -0.508446868557
  76                     0.020447159578                    -0.506519147097
  77                    -0.138963824518                    -0.504591425637
  78                    -0.298374808613                    -0.502663704177
  79                    -0.614953483098                    -0.502590026524
  80                    -0.457785792709                    -0.500735982717
  81                     0.579035152065                    -0.467414375074
  82                     0.419531105070                    -0.465320463457
  83                     0.260120120974                    -0.463392741997
  84                     0.100709136878                    -0.461465020537
  85                    -0.058701847218                    -0.459537299077
  86                    -0.218112831313                    -0.457609577618
  87                    -0.377523815409                    -0.455681856158
  88                    -0.536934799505                    -0.453754134697
  89                    -0.844534093715                    -0.443663640157
  90                     0.750075569430                    -0.436829581546
  91                    -0.753343299458                    -0.431169707112
  92                     0.851843487599                    -0.429462377491
  93                     0.659203834422                    -0.422194449273
  94                     0.499793082370                    -0.420266336898
  95                     0.340382098274                    -0.418338615437
  96                     0.180971114178                    -0.416410893978
  97                     0.021560130082                    -0.414483172518
  98                    -0.137850854014                    -0.412555451058
  99                    -0.297261838110                    -0.410627729598
 100                    -0.456672822205                    -0.408700008138
 101                    -0.617257295037                    -0.408694501151
 102                     0.580055059669                    -0.375212210338
 103                     0.420644075573                    -0.373284488878
 104                     0.261233091478                    -0.371356767418
 105                     0.101822107382                    -0.369429045958
 106                    -0.057588876714                    -0.367501324498
 107                    -0.216999860810                    -0.365573603038
 108                    -0.376410844905                    -0.363645881578
 109                    -0.535821829001                    -0.361718160118
 110                    -0.883359375908                    -0.360210319176
 111                    -0.695233035618                    -0.359790042245
 112                     0.795428027060                    -0.356735799596
 113                    -0.787244832093                    -0.345594298505
 114                     0.889266163486                    -0.345370745032
 115                     0.660875025151                    -0.330166902891
 116                     0.500906052873                    -0.328230362318
 117                     0.341495068778                    -0.326302640858
 118                     0.182084084682                    -0.324374919398
 119                     0.022673100586                    -0.322447197938
 120                    -0.136737883510                    -0.320519476478
 121                    -0.296148867606                    -0.318591755018
 122                    -0.455559851702                    -0.316664033558
 123                    -0.614970835798                    -0.314736312098
 124                     0.581168030173                    -0.283176235758
 125                     0.742732472208                    -0.281270325246
 126                     0.421757046077                    -0.281248514298
 127                     0.262346061981                    -0.279320792838
 128                     0.102935077886                    -0.277393071378
 129                    -0.847190519229                    -0.275571834273
 130                    -0.056475906210                    -0.275465349918
 131                    -0.215886890306                    -0.273537628459
 132                    -0.375297874402                    -0.271609906999
 133                     0.834262648496                    -0.271570523767
 134                    -0.534708858497                    -0.269682185539
 135                    -0.694310298941                    -0.267751963836
 136                     0.922169859673                    -0.244290832728
 137                     0.661430007472                    -0.238122109198
 138                     0.502019023377                    -0.236194387739
 139                     0.342608039281                    -0.234266666279
 140                     0.183197055186                    -0.232338944819
 141                     0.023786071090                    -0.230411223359
 142                    -0.135624913006                    -0.228483501899
 143                    -0.926231514924                    -0.228408497668
 144                    -0.295035897102                    -0.226555780439
 145                    -0.454446881198                    -0.224628058979
 146                    -0.613857865294                    -0.222700337519
 147                    -0.773361912289                    -0.220606425902
 148                     0.761819991271                    -0.191228505371
 149                     0.582281000677                    -0.191140261179
 150                     0.422870016581                    -0.189212539719
 151                     0.263459032485                    -0.187284818259
 152                     0.104048048389                    -0.185357096799
 153                    -0.055362935706                    -0.183429375339
 154                     0.853512890100                    -0.181563371171
 155                    -0.214773919802                    -0.181501653879
 156                    -0.374184903898                    -0.179573932419
 157                    -0.533595887993                    -0.177646210959
 158                    -0.693006872089                    -0.175718489499
 159                    -0.852484352770                    -0.173333862904
 160                     0.941420101278                    -0.154283680133
 161                     0.662542977977                    -0.146086134619
 162                     0.503131993881                    -0.144158413159
 163                     0.343721009785                    -0.142230691699
 164                     0.184310025689                    -0.140302970239
 165                     0.024899041594                    -0.138375248779
 166                    -0.943932260733                    -0.138083844788
 167                    -0.134511942502                    -0.136447527319
 168                    -0.293922926598                    -0.134519805859
 169                    -0.453333910694                    -0.132592084399
 170                    -0.612744894790                    -0.130664362940
 171                    -0.772058485438                    -0.128572951564
 172                     0.742804955277                    -0.101032008059
 173                     0.583393971181                    -0.099104286599
 174                     0.423982987085                    -0.097176565140
 175                     0.264572002989                    -0.095248843679
 176                     0.105161018893                    -0.093321122220
 177                     0.834356519004                    -0.091536193239
 178                    -0.054249965202                    -0.091393400759
 179                    -0.213660949298                    -0.089465679300
 180                    -0.373071933394                    -0.087537957840
 181                    -0.532482917489                    -0.085610236380
 182                    -0.870185098579                    -0.083009210024
 183                    -0.693750759395                    -0.080201892426
 184                     0.951906695522                    -0.062840306063
 185                     0.663655948481                    -0.054050160039
 186                     0.504244964385                    -0.052122438580
 187                     0.344833980289                    -0.050194717120
 188                     0.185422996193                    -0.048266995660
 189                     0.026012012097                    -0.046339274200
 190                    -0.133398971998                    -0.044411552740
 191                    -0.292809956094                    -0.042483831280
 192                    -0.953076490103                    -0.040748286120
 193                    -0.452220940190                    -0.040556109820
 194                    -0.611631924286                    -0.038628388360
 195                    -0.789759231247                    -0.038248298684
 196                     0.876681586083                    -0.009802185525
 197                     0.749412547830                    -0.008952936415
 198                     0.584506941685                    -0.007068312020
 199                     0.425095957589                    -0.005140590560
 200                     0.265684973493                    -0.003212869100
 201                     0.106273989397                    -0.001285147640
 202                    -0.053136994699                     0.000642573820
 203                    -0.212547978794                     0.002570295280
 204                    -0.371958962890                     0.004498016740
 205                    -0.531369946986                     0.006425738200
 206                    -0.875284209630                     0.008892141362
 207                    -0.709435741053                     0.010494527958
 208                     0.664768918984                     0.037985814540
 209                     0.505357934889                     0.039913536000
 210                     0.953073780592                     0.041540700430
 211                     0.345946950793                     0.041841257460
 212                     0.186535966697                     0.043768978920
 213                     0.027124982601                     0.045696700380
 214                    -0.132286001495                     0.047624421840
 215                    -0.291696985590                     0.049552143300
 216                    -0.451107969686                     0.051479864760
 217                    -0.610518953782                     0.053407586219
 218                    -0.790659884959                     0.053789998470
 219                    -0.952116709425                     0.059573758299
 220                     0.836526524195                     0.073019492343
 221                     0.745030896284                     0.083039941100
 222                     0.585619912188                     0.084967662560
 223                     0.426208928093                     0.086895384019
 224                     0.266797943997                     0.088823105480
 225                     0.107386959901                     0.090750826939
 226                    -0.052024024195                     0.092678548400
 227                    -0.211435008291                     0.094606269860
 228                    -0.370845992386                     0.096533991319
 229                    -0.530256976482                     0.098461712779
 230                    -0.689667960578                     0.100389434239
 231                    -0.869808891755                     0.100771846490
 232                     0.665881889488                     0.130021789119
 233                     0.506470905393                     0.131949510579
 234                     0.944634410926                     0.133195685891
 235                     0.347059921297                     0.133877232039
 236                     0.187648937201                     0.135804953499
 237                     0.028237953105                     0.137732674959
 238                    -0.131173030991                     0.139660396419
 239                    -0.290584015087                     0.141588117879
 240                    -0.449994999182                     0.143515839339
 241                    -0.770892104484                     0.143684904751
 242                    -0.609405983278                     0.145443560799
 243                    -0.940516845812                     0.159697601073
 244                     0.857433858554                     0.162656218578
 245                     0.765013572706                     0.173420767519
 246                     0.586732882692                     0.177003637139
 247                     0.427321898596                     0.178931358599
 248                     0.267910914501                     0.180859080059
 249                     0.108499930405                     0.182786801519
 250                    -0.050911053691                     0.184714522979
 251                    -0.210322037787                     0.186642244439
 252                    -0.369733021882                     0.188569965899
 253                    -0.529144005978                     0.190497687359
 254                    -0.850041111280                     0.190666752771
 255                    -0.688554990074                     0.192425408818
 256                     0.666994859992                     0.222057763699
 257                     0.927325297232                     0.223820039963
 258                     0.507583875896                     0.223985485159
 259                     0.348172891800                     0.225913206619
 260                     0.188761907705                     0.227840928079
 261                     0.029350923609                     0.229768649539
 262                    -0.130060060487                     0.231696370999
 263                    -0.289471044583                     0.233624092459
 264                    -0.448882028678                     0.235551813919
 265                    -0.769779133980                     0.235720879330
 266                    -0.608293012774                     0.237479535379
 267                    -0.920749065336                     0.249592507354
 268                     0.839851514515                     0.253003993859
 269                     0.748556700624                     0.264713659807
 270                     0.587845853196                     0.269039611719
 271                     0.428434869100                     0.270967333179
 272                     0.269023885004                     0.272895054639
 273                     0.109612900909                     0.274822776098
 274                    -0.049798083187                     0.276750497558
 275                    -0.209209067283                     0.278678219018
 276                    -0.368620051379                     0.280605940478
 277                    -0.528031035474                     0.282533661938
 278                    -0.691672084695                     0.284415316098
 279                    -0.840487088037                     0.294646633913
 280                     0.670326144927                     0.314285502880
 281                     0.508696846400                     0.316021459738
 282                     0.349285862304                     0.317949181198
 283                     0.189874878208                     0.319876902658
 284                     0.030463894113                     0.321804624118
 285                    -0.128947089983                     0.323732345578
 286                     0.896796766291                     0.325316493610
 287                    -0.288358074079                     0.325660067038
 288                    -0.447769058175                     0.327587788498
 289                    -0.607180042271                     0.329515509958
 290                     0.803756272223                     0.338367353641
 291                     0.588958823700                     0.361075586298
 292                     0.429547839604                     0.363003307758
 293                    -0.780018433237                     0.364203090482
 294                     0.270136855508                     0.364931029218
 295                     0.110725871412                     0.366858750678
 296                    -0.048685112683                     0.368786472138
 297                    -0.208096096779                     0.370714193598
 298                    -0.367507080875                     0.372641915058
 299                    -0.526918064971                     0.374569636518
 300                    -0.686440425084                     0.376309217189
 301                    -0.875048670706                     0.379954056354
 302                     0.669113554306                     0.406320237712
 303                     0.509809816904                     0.408057434318
 304                     0.350398832808                     0.409985155778
 305                     0.861271680508                     0.410227197295
 306                     0.190987848712                     0.411912877238
 307                     0.031576864616                     0.413840598698
 308                    -0.127834119479                     0.415768320158
 309                    -0.287245103575                     0.417696041617
 310                     0.760213637973                     0.419459266448
 311                    -0.446656087671                     0.419623763077
 312                    -0.607426627700                     0.423518141296
 313                    -0.743369199583                     0.448634689564
 314                     0.430660810108                     0.455039282337
 315                     0.592146931313                     0.456797938385
 316                     0.271249826012                     0.456967003797
 317                     0.111838841916                     0.458894725257
 318                    -0.047572142180                     0.460822446717
 319                    -0.834359353842                     0.462514572421
 320                    -0.206983126275                     0.462750168177
 321                    -0.366394110371                     0.464677889637
 322                    -0.525805094467                     0.466605611097
 323                     0.817729046258                     0.491319110102
 324                     0.704664333045                     0.493137939816
 325                     0.510922787407                     0.500093408897
 326                     0.351511803312                     0.502021130357
 327                     0.192100819216                     0.503948851817
 328                     0.032689835120                     0.505876573277
 329                    -0.126721148975                     0.507804294737
 330                    -0.286132133071                     0.509732016197
 331                    -0.445543117167                     0.511659737657
 332                    -0.603527104433                     0.515912289010
 333                    -0.694912860176                     0.526889673376
 334                    -0.785903014434                     0.540769556232
 335                     0.431773780611                     0.547075256917
 336                     0.589029836693                     0.548787845665
 337                     0.272362796516                     0.549002978377
 338                     0.112951812420                     0.550930699837
 339                    -0.046459171676                     0.552858421297
 340                    -0.205870155772                     0.554786142757
 341                    -0.365281139867                     0.556713864217
 342                     0.766574200427                     0.567837350202
 343                    -0.533751903303                     0.576059565692
 344                     0.675415014127                     0.580559852836
 345                     0.509880829896                     0.595769693684
 346                     0.193213789720                     0.595984826397
 347                     0.033802805624                     0.597912547857
 348                    -0.125608178472                     0.599840269317
 349                    -0.639033643198                     0.600830750048
 350                    -0.285019162568                     0.601767990776
 351                    -0.444430146663                     0.603695712236
 352                     0.363806398339                     0.609142110126
 353                    -0.730130730882                     0.613990534835
 354                     0.590142807196                     0.640823820244
 355                     0.277418503425                     0.640906727744
 356                     0.114064782924                     0.642966674417
 357                    -0.045346201172                     0.644894395877
 358                    -0.204757185268                     0.646822117336
 359                     0.441913447624                     0.657836546893
 360                    -0.569581346649                     0.661231394284
 361                     0.676527984631                     0.672595827415
 362                    -0.381798604639                     0.679711446000
 363                    -0.481499997438                     0.687943474721
 364                     0.194326760224                     0.688020800976
 365                     0.034915776128                     0.689948522436
 366                    -0.657496892989                     0.691176860785
 367                    -0.124495207968                     0.691876243896
 368                    -0.283906192064                     0.693803965356
 369                     0.522175424924                     0.702890673453
 370                     0.361755617312                     0.703075706475
 371                     0.274681800425                     0.732908737378
 372                     0.608560602359                     0.734662680624
 373                     0.115275146875                     0.735166338910
 374                    -0.044610689449                     0.737610284259
 375                    -0.587668053119                     0.751479554205
 376                     0.445342925129                     0.753572290390
 377                    -0.215300814428                     0.755368373761
 378                    -0.429851851364                     0.764129617341
 379                    -0.337905590792                     0.768342037890
 380                     0.195630187076                     0.780054275313
 381                     0.036029201197                     0.781984491518
 382                    -0.127778989110                     0.783860351771
 383                     0.527650742799                     0.794770378580
 384                     0.363204464661                     0.795107006376
 385                    -0.512512192160                     0.804615755458
 386                     0.276130647774                     0.824940037280
 387                    -0.269517953219                     0.829945530870
 388                     0.440675913983                     0.845706344060
 389                     0.094373567983                     0.854368679467
 390                    -0.421532046329                     0.855795533386
 391                    -0.181944351747                     0.858277908909
 392                    -0.088771748641                     0.867228778114
 393                     0.003267730028                     0.867999288658
 394                     0.184943050567                     0.871474428634
 395                     0.352382012928                     0.886511239641
 396                    -0.337096464255                     0.892435563406
 397                     0.265308196041                     0.916344270543
 398                    -0.249522862783                     0.920767941445
 399                    -0.145533242821                     0.942812460821
 400                     0.129728400843                     0.945116819795
 401                    -0.053996414922                     0.952449289055
 402                     0.038043063746                     0.953219799598
