   1                     0.022686625290                    -0.955591863047
   2                    -0.065568864104                    -0.953609571968
   3                     0.128874094252                    -0.947133548935
   4                    -0.153776894879                    -0.943409324190
   5                     0.215702903775                    -0.931204998371
   6                    -0.240231957328                    -0.925180576086
   7                     0.300691920606                    -0.907333930023
   8                     0.070190402449                    -0.881185196398
   9                    -0.097421553645                    -0.871278732939
  10                    -0.395170729360                    -0.870350840952
  11                    -0.306943460113                    -0.867365904226
  12                    -0.184491588294                    -0.856726415175
  13                    -0.012005189472                    -0.848985110141
  14                     0.151398549466                    -0.846570203345
  15                     0.363544785027                    -0.845346202849
  16                     0.239625818714                    -0.843585266619
  17                     0.451772054275                    -0.842361266123
  18                    -0.497181024965                    -0.816383194402
  19                    -0.414934328549                    -0.784313866149
  20                    -0.238295164011                    -0.782650517791
  21                     0.550329200282                    -0.781542233667
  22                    -0.326707059301                    -0.781328929423
  23                    -0.150252520806                    -0.775359055972
  24                    -0.061928972052                    -0.774717630265
  25                     0.290553079911                    -0.771478575161
  26                     0.026188684232                    -0.769397492400
  27                     0.114415953479                    -0.766412555674
  28                     0.202643222726                    -0.763427618948
  29                     0.377831333385                    -0.758232165966
  30                     0.466058602632                    -0.755247229240
  31                    -0.543879690622                    -0.741468606291
  32                    -0.629361356450                    -0.719426698626
  33                    -0.461632994206                    -0.709399278037
  34                    -0.373405724958                    -0.706414341311
  35                     0.592735073470                    -0.704116767538
  36                    -0.285178455711                    -0.703429404586
  37                    -0.196951186463                    -0.700444467860
  38                    -0.108723917216                    -0.697459531134
  39                    -0.020496647969                    -0.694474594408
  40                     0.067730621279                    -0.691489657682
  41                     0.155957890526                    -0.688504720957
  42                     0.244185689612                    -0.685535486283
  43                     0.332412426281                    -0.682534849213
  44                     0.420639695528                    -0.679549912487
  45                     0.508866964776                    -0.676564975761
  46                     0.676257476784                    -0.675534097424
  47                    -0.693048524163                    -0.658296464250
  48                    -0.596558929110                    -0.637469626651
  49                    -0.508331659862                    -0.634484689925
  50                    -0.420104390615                    -0.631499753200
  51                    -0.331877121368                    -0.628514816474
  52                    -0.243649852120                    -0.625529879748
  53                    -0.155422582873                    -0.622544943022
  54                    -0.067195313626                    -0.619560006296
  55                     0.021031955622                    -0.616575069571
  56                     0.109259224869                    -0.613590132845
  57                     0.197486494116                    -0.610605196119
  58                     0.285713763364                    -0.607620259393
  59                     0.373941032611                    -0.604635322667
  60                     0.726595391705                    -0.603014753746
  61                     0.462168301859                    -0.601650385942
  62                     0.550395571108                    -0.598665449288
  63                     0.638622840353                    -0.595680512490
  64                    -0.750824479802                    -0.591551428210
  65                    -0.660246096823                    -0.576339392275
  66                    -0.555030325519                    -0.559570101813
  67                    -0.466803056272                    -0.556585165088
  68                    -0.378575787025                    -0.553600228362
  69                    -0.290348517777                    -0.550615291636
  70                    -0.202121248530                    -0.547630354910
  71                    -0.113893979282                    -0.544645418184
  72                    -0.025666710035                    -0.541660481459
  73                     0.788595336604                    -0.540173941222
  74                     0.062560559212                    -0.538675544733
  75                     0.150787828460                    -0.535690608007
  76                     0.239015097707                    -0.532705671281
  77                     0.327242366954                    -0.529720734555
  78                     0.415469636202                    -0.526735797830
  79                     0.503696905449                    -0.523750861104
  80                     0.591924174696                    -0.520765924378
  81                     0.680151443944                    -0.517780987652
  82                    -0.806381268973                    -0.513242374922
  83                    -0.718022052463                    -0.509594356235
  84                    -0.618717493232                    -0.498439867438
  85                    -0.513501721929                    -0.481670576976
  86                    -0.425274452682                    -0.478685640250
  87                    -0.337047183434                    -0.475700703524
  88                    -0.248819914187                    -0.472715766798
  89                    -0.160592644939                    -0.469730830073
  90                    -0.072365375692                    -0.466745893347
  91                     0.015861893555                    -0.463760956621
  92                     0.748277994867                    -0.461640681762
  93                     0.837239490731                    -0.461192499427
  94                     0.104089162803                    -0.460776019895
  95                     0.192316432050                    -0.457791083169
  96                     0.280543701297                    -0.454806146443
  97                     0.368770970545                    -0.451821209718
  98                     0.456998239792                    -0.448836272992
  99                     0.545225509039                    -0.445851336266
 100                     0.633452778287                    -0.442866399540
 101                    -0.764782123542                    -0.434718080696
 102                    -0.676493448872                    -0.431694831398
 103                    -0.852995851204                    -0.431356661613
 104                    -0.577188889642                    -0.420540342600
 105                    -0.473222224921                    -0.403117898046
 106                    -0.383745849133                    -0.400786115390
 107                    -0.295518579844                    -0.397801178687
 108                    -0.207291310596                    -0.394816241961
 109                    -0.119064041349                    -0.391831305235
 110                    -0.030836772102                    -0.388846368509
 111                     0.701579329210                    -0.386726093650
 112                     0.057390497146                    -0.385861431783
 113                     0.791758266030                    -0.384813428097
 114                     0.145617766393                    -0.382876495057
 115                     0.233845035640                    -0.379891558332
 116                     0.322072304888                    -0.376906621606
 117                     0.879434009625                    -0.374521447187
 118                     0.410299574135                    -0.373921684880
 119                     0.498526843383                    -0.370936748154
 120                     0.586754112630                    -0.367951811428
 121                    -0.800939483834                    -0.354184819351
 122                    -0.712712572287                    -0.351189328573
 123                    -0.889153211495                    -0.350823400268
 124                    -0.624583721788                    -0.346064233868
 125                    -0.536248141176                    -0.337890631187
 126                    -0.430466348173                    -0.325885141511
 127                    -0.342217245501                    -0.322886590575
 128                    -0.253989976253                    -0.319901653849
 129                    -0.165762707006                    -0.316916717123
 130                    -0.077535437758                    -0.313931780397
 131                     0.010691831489                    -0.310946843671
 132                     0.098919100736                    -0.307961906946
 133                     0.187146369984                    -0.304976970220
 134                     0.275373639231                    -0.301992033494
 135                     0.716038212657                    -0.299640494522
 136                     0.363600908478                    -0.299007096768
 137                     0.804288267388                    -0.297429448146
 138                     0.451828177726                    -0.296022160042
 139                     0.540055446973                    -0.293037223317
 140                     0.628282716221                    -0.290052286591
 141                     0.900611799788                    -0.288821610023
 142                    -0.829512998241                    -0.270659283372
 143                    -0.741286086694                    -0.267663792594
 144                    -0.917726725902                    -0.267297864289
 145                    -0.653157236195                    -0.262538697889
 146                    -0.565303188953                    -0.253899990271
 147                    -0.477075918520                    -0.250915088569
 148                    -0.388848650458                    -0.247930116820
 149                    -0.300621381211                    -0.244945180094
 150                    -0.212394111963                    -0.241960243368
 151                    -0.124166842716                    -0.238975306642
 152                    -0.035939573469                    -0.235990369916
 153                     0.052287695779                    -0.233005433191
 154                     0.140514965026                    -0.230020496465
 155                     0.228742234273                    -0.227035559739
 156                     0.316969503521                    -0.224050623013
 157                     0.757626017880                    -0.221772559254
 158                     0.405196772768                    -0.221065686287
 159                     0.845876072611                    -0.219561512878
 160                     0.493424042015                    -0.218080749562
 161                     0.581651311263                    -0.215095812836
 162                     0.669878580510                    -0.212110876110
 163                     0.933224939795                    -0.206789031220
 164                    -0.787984752351                    -0.192749204482
 165                    -0.876198866476                    -0.189397942739
 166                    -0.699855901852                    -0.187624109777
 167                    -0.612001854610                    -0.178985402160
 168                    -0.523774585362                    -0.176000465434
 169                    -0.435547316115                    -0.173015528708
 170                    -0.347320046867                    -0.170030591982
 171                    -0.259092777620                    -0.167045655256
 172                    -0.170865508373                    -0.164060718530
 173                    -0.082638239126                    -0.161075781805
 174                     0.005589030122                    -0.158090845079
 175                     0.093816299369                    -0.155105908353
 176                     0.182043568616                    -0.152120971627
 177                     0.270270837864                    -0.149136034901
 178                     0.358498107111                    -0.146151098175
 179                     0.799154378118                    -0.143872904685
 180                     0.446725376358                    -0.143166161450
 181                     0.534952645606                    -0.140181224724
 182                     0.623179914853                    -0.137196287998
 183                    -0.946193373319                    -0.135604542606
 184                     0.711407123534                    -0.134209561624
 185                     0.886606094741                    -0.131824745244
 186                    -0.748358789313                    -0.113864833790
 187                    -0.660247336156                    -0.105053271660
 188                    -0.856497376208                    -0.102062650969
 189                    -0.570473251019                    -0.101085877322
 190                    -0.482245981772                    -0.098100940596
 191                    -0.394018712524                    -0.095116003870
 192                    -0.305791443277                    -0.092131067144
 193                    -0.217564174030                    -0.089146130418
 194                    -0.129336904782                    -0.086161193693
 195                    -0.041109635535                    -0.083176256967
 196                     0.047117633712                    -0.080191320241
 197                     0.135344902960                    -0.077206383515
 198                     0.223572172207                    -0.074221446789
 199                     0.953018230718                    -0.073666434738
 200                     0.311799441454                    -0.071236510063
 201                     0.400026710702                    -0.068251573338
 202                     0.488253979949                    -0.065266636612
 203                     0.763649437768                    -0.063049871556
 204                     0.576481249197                    -0.062281699886
 205                     0.665022475977                    -0.059100139066
 206                    -0.954668478203                    -0.047734562047
 207                     0.863198095720                    -0.046694570256
 208                    -0.793247605791                    -0.037851972765
 209                    -0.705399185924                    -0.029156225936
 210                    -0.617171916676                    -0.026171289210
 211                    -0.528944647429                    -0.023186352484
 212                    -0.440717378181                    -0.020201415758
 213                    -0.352490108934                    -0.017216479032
 214                    -0.264262839687                    -0.014231542307
 215                    -0.176035570439                    -0.011246605581
 216                    -0.087808301192                    -0.008261668855
 217                    -0.876122312268                    -0.007442370459
 218                     0.000418968055                    -0.005276732129
 219                     0.088646237303                    -0.002291795403
 220                     0.176873506550                     0.000693141323
 221                     0.265100775798                     0.003678078048
 222                     0.353328045045                     0.006663014774
 223                     0.441555314292                     0.009647951500
 224                     0.529782583540                     0.012632888226
 225                     0.955750090220                     0.014569033356
 226                     0.618009852787                     0.015617824952
 227                     0.707253059957                     0.018421075210
 228                     0.795526712573                     0.019271451545
 229                    -0.955000938471                     0.040542560449
 230                    -0.757731339733                     0.043334060412
 231                    -0.663870582333                     0.048743298902
 232                    -0.575643313086                     0.051728235628
 233                     0.876724070179                     0.053911746057
 234                    -0.487416043838                     0.054713172354
 235                    -0.399188774591                     0.057698109079
 236                    -0.310961505344                     0.060683045805
 237                    -0.222734236096                     0.063667982531
 238                    -0.134506966849                     0.066652919257
 239                    -0.046279697601                     0.069637855983
 240                     0.041947571646                     0.072622792709
 241                     0.130174840893                     0.075607729434
 242                     0.218402110141                     0.078592666160
 243                    -0.876454772536                     0.080834752038
 244                     0.306629379388                     0.081577602886
 245                     0.394856648635                     0.084562539612
 246                     0.483083917883                     0.087547476338
 247                     0.571311187130                     0.090532413064
 248                     0.660240436767                     0.093139039228
 249                     0.750653438755                     0.095293489029
 250                     0.950330079723                     0.102680237935
 251                    -0.798843743542                     0.122900047289
 252                    -0.710569247990                     0.123657887014
 253                    -0.622341978742                     0.126642823740
 254                    -0.534114709495                     0.129627760466
 255                    -0.445887440248                     0.132612697191
 256                    -0.946306396600                     0.134813558080
 257                    -0.357660171000                     0.135597633917
 258                    -0.269432901753                     0.138582570643
 259                    -0.181205632506                     0.141567507369
 260                     0.871304061975                     0.142022955239
 261                    -0.092978363258                     0.144552444095
 262                    -0.004751094011                     0.147537380820
 263                     0.083476175236                     0.150522317546
 264                     0.171703444484                     0.153507254272
 265                     0.259930713731                     0.156492190998
 266                     0.348157982978                     0.159477127724
 267                     0.436385252226                     0.162462064450
 268                     0.524612521473                     0.165447001175
 269                     0.612839790720                     0.168431937901
 270                     0.701067339364                     0.171408604899
 271                     0.789284834343                     0.174669657751
 272                    -0.844653053043                     0.198361746509
 273                    -0.669040644399                     0.201557411852
 274                     0.933745644887                     0.204424955283
 275                    -0.580813375152                     0.204542348578
 276                    -0.492586105905                     0.207527285303
 277                    -0.757010068804                     0.208929064042
 278                    -0.404358836657                     0.210512222029
 279                    -0.316131567410                     0.213497158755
 280                    -0.227904298163                     0.216482095481
 281                    -0.139677028915                     0.219467032207
 282                    -0.929833424510                     0.221540728429
 283                    -0.051449759668                     0.222451968932
 284                     0.036777509580                     0.225436905658
 285                     0.125004778827                     0.228421842384
 286                     0.213232048074                     0.231406779110
 287                     0.301459317322                     0.234391715836
 288                     0.389686586569                     0.237376652561
 289                     0.477913855816                     0.240361589287
 290                     0.566141125064                     0.243346526013
 291                     0.654368394311                     0.246331462739
 292                     0.742586194019                     0.249584261654
 293                     0.830813464276                     0.252569168546
 294                    -0.627512040809                     0.279456936689
 295                    -0.539284771562                     0.282441873415
 296                    -0.813636618197                     0.284171762833
 297                    -0.451057502314                     0.285426810141
 298                    -0.715481465214                     0.286828588879
 299                    -0.362830233067                     0.288411746867
 300                     0.910904195940                     0.289696457534
 301                    -0.274602963820                     0.291396683593
 302                    -0.186375694572                     0.294381620318
 303                    -0.098148425325                     0.297366557044
 304                    -0.009921156077                     0.300351493770
 305                     0.078306113170                     0.303336430496
 306                     0.166533382417                     0.306321367222
 307                    -0.905429633187                     0.306378313585
 308                     0.254760651665                     0.309306303948
 309                     0.342987920912                     0.312291240673
 310                     0.431215190159                     0.315276177399
 311                     0.519442459407                     0.318261114125
 312                     0.607669728654                     0.321246050851
 313                     0.695887528362                     0.324498849766
 314                     0.794241491216                     0.334257625886
 315                    -0.585983437219                     0.357356461527
 316                    -0.497756167971                     0.360341398253
 317                    -0.762180130871                     0.361743176991
 318                    -0.409528898724                     0.363326334979
 319                    -0.673952861623                     0.364728113717
 320                    -0.321301629476                     0.366311271705
 321                    -0.233074360229                     0.369296208430
 322                    -0.144847090982                     0.372281145156
 323                     0.880293380646                     0.372497054592
 324                    -0.849504563224                     0.374681662228
 325                    -0.056619821734                     0.375266081882
 326                     0.031607447513                     0.378251018608
 327                     0.119834716760                     0.381235955333
 328                     0.208061986008                     0.384220892059
 329                     0.296289255255                     0.387205828785
 330                     0.384516524503                     0.390190765511
 331                     0.472743793750                     0.393175702237
 332                     0.560971062997                     0.396160638963
 333                     0.649188862705                     0.399413437878
 334                     0.737416131953                     0.402398374604
 335                    -0.544454833628                     0.435255986365
 336                     0.819026893309                     0.436053159063
 337                    -0.456227564381                     0.438240923090
 338                    -0.368000295133                     0.441225859816
 339                    -0.279773025886                     0.444210796542
 340                    -0.191545756639                     0.447195733268
 341                    -0.747990105286                     0.449946947961
 342                    -0.103318487391                     0.450180669994
 343                    -0.656989322577                     0.451360666658
 344                    -0.015091218144                     0.453165606720
 345                     0.073136051103                     0.456150543445
 346                     0.161363320351                     0.459135480171
 347                    -0.836775050736                     0.462036801732
 348                     0.249590589598                     0.462120416897
 349                     0.337817858846                     0.465105353623
 350                     0.426045128093                     0.468090290349
 351                     0.514272397340                     0.471075227075
 352                     0.602490197048                     0.474328025990
 353                     0.705978815578                     0.487578031167
 354                    -0.591153499285                     0.510170574477
 355                    -0.502926230038                     0.513155511202
 356                    -0.414698960790                     0.516140447928
 357                    -0.326471691543                     0.519125384654
 358                    -0.238244422296                     0.522110321380
 359                     0.800502828177                     0.522365498256
 360                    -0.150017153048                     0.525095258106
 361                    -0.702932655187                     0.526740843594
 362                    -0.061789883801                     0.528080194831
 363                     0.026437385447                     0.531065131557
 364                     0.114664654694                     0.534050068283
 365                     0.202891923941                     0.537035005009
 366                    -0.790581001175                     0.537263596635
 367                     0.291119193189                     0.540019941735
 368                     0.379346462436                     0.543004878460
 369                     0.467573731683                     0.545989815186
 370                     0.555791531391                     0.549242614102
 371                     0.644018800639                     0.552227550828
 372                     0.729394248061                     0.574677358479
 373                    -0.549624895695                     0.588070099314
 374                    -0.461397626447                     0.591055036040
 375                    -0.641537924393                     0.591399379776
 376                    -0.373170357200                     0.594039972766
 377                    -0.284943087953                     0.597024909492
 378                    -0.196715818705                     0.600009846218
 379                    -0.108488549458                     0.602994782943
 380                    -0.020261280210                     0.605979719669
 381                    -0.737643856730                     0.607907914340
 382                     0.067965989037                     0.608964656395
 383                     0.156193258284                     0.611949593121
 384                     0.244420527532                     0.614934529847
 385                     0.332647796779                     0.617919466572
 386                     0.420875066026                     0.620904403298
 387                     0.509092865734                     0.624157202213
 388                     0.605252218965                     0.632456229294
 389                     0.695173249529                     0.656052318667
 390                    -0.590416065551                     0.666358293493
 391                    -0.421883928022                     0.669995700611
 392                    -0.333656658775                     0.672980637337
 393                    -0.678415133672                     0.673367208953
 394                    -0.243414484362                     0.674924434329
 395                    -0.155187215115                     0.677909371055
 396                    -0.066959945867                     0.680894307781
 397                     0.021267323380                     0.683879244507
 398                     0.109494592627                     0.686864181233
 399                     0.197721861875                     0.689849117958
 400                     0.287329817195                     0.693677249094
 401                     0.375557086443                     0.696662185820
 402                    -0.507068911975                     0.696721224128
 403                     0.544261956387                     0.705126924633
 404                     0.631684055704                     0.717388141426
 405                     0.459497483005                     0.729870013016
 406                    -0.290169394314                     0.749803932735
 407                    -0.201885880772                     0.752823959167
 408                    -0.586777757116                     0.754561034935
 409                    -0.441509789141                     0.756064199270
 410                    -0.025431342277                     0.758793832619
 411                     0.151023196218                     0.764763706070
 412                     0.239280354513                     0.767732701439
 413                     0.061712477627                     0.775929887879
 414                    -0.113949061485                     0.782982198007
 415                     0.389378051545                     0.783851301022
 416                     0.533978337693                     0.792803649439
 417                    -0.363965014546                     0.798251505644
 418                    -0.514662846930                     0.805476657439
 419                     0.309441263492                     0.821308887728
 420                    -0.284120809908                     0.837874220078
 421                     0.458560501415                     0.838685136526
 422                    -0.195894869605                     0.840898181680
 423                    -0.028763714392                     0.847008662337
 424                    -0.438158227902                     0.849522135680
 425                     0.138279002681                     0.852116704972
 426                     0.226506953280                     0.855081434155
 427                    -0.113362974174                     0.872226238158
 428                     0.379231469489                     0.877413234592
 429                     0.053887416632                     0.878020779753
 430                    -0.357916430140                     0.886321792987
 431                     0.296667862259                     0.908657620444
 432                    -0.255014445275                     0.921215568903
 433                     0.192069782279                     0.936365148018
 434                    -0.168939567187                     0.940813432263
 435                     0.104865706725                     0.950091403625
 436                    -0.076724590336                     0.952775851711
 437                     0.011853671402                     0.955786574943
