   1                     0.017263543345                    -0.955788950302
   2                    -0.148534872761                    -0.944334654147
   3                     0.190884709527                    -0.936692892638
   4                     0.102798294035                    -0.934641065979
   5                    -0.253493215058                    -0.921722158445
   6                    -0.063616435107                    -0.920833898129
   7                    -0.339719082770                    -0.893543220425
   8                     0.266991407393                    -0.892294726832
   9                     0.354976213952                    -0.887593620401
  10                     0.046812358260                    -0.866604299578
  11                    -0.186299136987                    -0.864727575728
  12                    -0.430685107812                    -0.853428898830
  13                     0.454068495115                    -0.841219557374
  14                     0.196946113426                    -0.838843034809
  15                    -0.036209335315                    -0.837094555715
  16                    -0.273140570788                    -0.835830319486
  17                     0.113879392892                    -0.809460275807
  18                    -0.119231028891                    -0.807584811853
  19                    -0.356185009364                    -0.806384643939
  20                     0.285667133154                    -0.803267696134
  21                     0.373763201709                    -0.801509500624
  22                    -0.526588513993                    -0.797831488711
  23                     0.529595152565                    -0.795837619333
  24                     0.030857699316                    -0.779950531945
  25                    -0.203745802645                    -0.778361839210
  26                    -0.444284910500                    -0.766374479334
  27                     0.180992675337                    -0.752189042403
  28                    -0.052163994259                    -0.750440788082
  29                    -0.286740373476                    -0.748775899990
  30                    -0.597810427541                    -0.745957934586
  31                     0.440786124053                    -0.744313744947
  32                     0.602338789759                    -0.742306223738
  33                     0.331060064978                    -0.724438956962
  34                     0.097925690312                    -0.722804894435
  35                    -0.136599239822                    -0.721203263846
  36                    -0.369784812052                    -0.719330224443
  37                     0.521125334388                    -0.708133116570
  38                     0.248015616641                    -0.694993308943
  39                     0.014903040373                    -0.693296764312
  40                    -0.219620913101                    -0.691693462884
  41                    -0.488899548933                    -0.690394477857
  42                    -0.663953656227                    -0.687747111831
  43                     0.661656274832                    -0.677153614032
  44                     0.398082987322                    -0.667243201286
  45                     0.164971187825                    -0.665547605868
  46                    -0.069532145206                    -0.664059228015
  47                    -0.302761889708                    -0.662134468766
  48                    -0.572190856606                    -0.661654529127
  49                     0.315038548746                    -0.637797525738
  50                     0.081926749249                    -0.636101930320
  51                    -0.152553839168                    -0.634549485241
  52                     0.567816377101                    -0.633411144451
  53                    -0.389039083881                    -0.633349414938
  54                     0.479739565542                    -0.623775262686
  55                    -0.724536202439                    -0.623599096632
  56                     0.728164497391                    -0.619360163547
  57                     0.231994110169                    -0.608351850191
  58                    -0.002465110574                    -0.606915204245
  59                    -0.235642429334                    -0.605052031660
  60                    -0.472083522457                    -0.603903739390
  61                    -0.638334085293                    -0.603443706371
  62                     0.644859789819                    -0.590659078493
  63                     0.382061471090                    -0.580601770062
  64                     0.148949671593                    -0.578906174643
  65                    -0.085486805285                    -0.577405460592
  66                    -0.322016161537                    -0.576153659261
  67                    -0.555127961034                    -0.574458063843
  68                     0.532128832010                    -0.552851689933
  69                     0.299017032513                    -0.551156094514
  70                     0.064624667923                    -0.549707112369
  71                     0.782097781831                    -0.549685007167
  72                    -0.782535354299                    -0.549061896986
  73                    -0.168575355401                    -0.547908054017
  74                    -0.405060600114                    -0.546707983714
  75                    -0.695357905912                    -0.536274439077
  76                     0.449084393433                    -0.523406014385
  77                     0.215972593937                    -0.521710418967
  78                     0.698793074259                    -0.520983922114
  79                    -0.018419770653                    -0.520261436822
  80                    -0.251597089412                    -0.518398264237
  81                    -0.488105038690                    -0.517262308166
  82                     0.605308754781                    -0.503228002957
  83                     0.366039954857                    -0.493960338838
  84                     0.131647590267                    -0.492511356693
  85                    -0.101508321518                    -0.490764029368
  86                    -0.334641527989                    -0.488952588689
  87                    -0.571149477267                    -0.487816632619
  88                    -0.829765114553                    -0.474679262365
  89                     0.516107315777                    -0.466210258709
  90                     0.282995516281                    -0.464514663290
  91                     0.048603151691                    -0.463065681145
  92                     0.768589322784                    -0.462616366882
  93                    -0.742587666167                    -0.461891804456
  94                    -0.184530015479                    -0.461254286593
  95                    -0.417685966566                    -0.459506913142
  96                    -0.654193915843                    -0.458370957072
  97                     0.665891443446                    -0.439247092736
  98                     0.433062877201                    -0.436764583161
  99                     0.198670512611                    -0.435315601016
 100                     0.851852439282                    -0.433794846833
 101                    -0.034441286886                    -0.433620005598
 102                    -0.267551688759                    -0.431744485631
 103                    -0.500730405142                    -0.430061237595
 104                     0.583130238121                    -0.409014503032
 105                     0.350018438624                    -0.407318907614
 106                     0.115626074035                    -0.405869925469
 107                    -0.117440176249                    -0.404046183536
 108                    -0.350596127335                    -0.402298810083
 109                    -0.583774843719                    -0.400615562047
 110                    -0.869945624190                    -0.396264000890
 111                     0.732914365789                    -0.382051337059
 112                     0.500085799545                    -0.379568827485
 113                     0.265693434955                    -0.378119845340
 114                     0.032581635458                    -0.376424249921
 115                    -0.754861211462                    -0.374640519807
 116                    -0.200484614825                    -0.374600507987
 117                    -0.433640565912                    -0.372853134536
 118                    -0.666819282295                    -0.371169886500
 119                     0.888174777702                    -0.353519605826
 120                     0.650153160465                    -0.351818747356
 121                     0.417041360968                    -0.350123151937
 122                     0.182648996379                    -0.348674169792
 123                    -0.050417253905                    -0.346850427859
 124                    -0.283506288105                    -0.345090707025
 125                    -0.516685004488                    -0.343407458989
 126                     0.803466874392                    -0.329270941866
 127                     0.567108721889                    -0.322373071808
 128                     0.332716357299                    -0.320924089663
 129                    -0.824562231749                    -0.320740664910
 130                     0.099604557802                    -0.319228494245
 131                    -0.133461692481                    -0.317404752311
 132                    -0.366550726681                    -0.315645031478
 133                    -0.599729443065                    -0.313961783442
 134                    -0.909049734183                    -0.295734895187
 135                     0.717634258158                    -0.295160796272
 136                     0.484064283312                    -0.292927396261
 137                     0.249671918722                    -0.291478414116
 138                     0.016605668439                    -0.289654672183
 139                    -0.216483365761                    -0.287894951349
 140                    -0.449595165258                    -0.286199355931
 141                    -0.682773881641                    -0.284516107894
 142                     0.866820785044                    -0.268036077679
 143                     0.634131644232                    -0.265177316132
 144                     0.399739279643                    -0.263728333987
 145                     0.166627480146                    -0.262032738568
 146                    -0.066438770138                    -0.260208996634
 147                    -0.299527804337                    -0.258449275801
 148                    -0.532639603834                    -0.256753680383
 149                    -0.765818320218                    -0.255070432347
 150                     0.784220406780                    -0.237366808084
 151                     0.551087205656                    -0.235731640584
 152                     0.316694841066                    -0.234282658439
 153                     0.083628590783                    -0.232458916506
 154                    -0.149460443417                    -0.230699195672
 155                    -0.850305822652                    -0.230064662624
 156                    -0.382572242914                    -0.229003600254
 157                    -0.615684042411                    -0.227308004836
 158                     0.932699935534                    -0.209526556081
 159                     0.701154566576                    -0.207981560455
 160                     0.466762201987                    -0.206532578310
 161                     0.233650402490                    -0.204836982892
 162                     0.000584152206                    -0.203013240958
 163                    -0.934158824036                    -0.202918292525
 164                    -0.232504881993                    -0.201253520125
 165                    -0.465616681490                    -0.199557924707
 166                    -0.698728480987                    -0.197862329289
 167                     0.618110128000                    -0.178535884908
 168                     0.383717763410                    -0.177086902763
 169                     0.150651513127                    -0.175263160829
 170                    -0.082437521073                    -0.173503439996
 171                    -0.315549320570                    -0.171807844577
 172                    -0.548661120067                    -0.170112249159
 173                    -0.781772919564                    -0.168416653741
 174                     0.857460462427                    -0.163674078311
 175                     0.770362952337                    -0.150353030191
 176                     0.533785124331                    -0.149336822633
 177                     0.300673324834                    -0.147641227215
 178                     0.067607074550                    -0.145817485281
 179                    -0.165481959649                    -0.144057764448
 180                    -0.866260421998                    -0.143410884018
 181                    -0.398593759147                    -0.142362169030
 182                    -0.631705558643                    -0.140666573612
 183                     0.948029804736                    -0.122760078123
 184                     0.685133050344                    -0.121340129231
 185                     0.450740685754                    -0.119891147086
 186                     0.217674435470                    -0.118067405153
 187                    -0.015414598729                    -0.116307684319
 188                    -0.248526398226                    -0.114612088901
 189                    -0.949171864214                    -0.113592779845
 190                    -0.481638197723                    -0.112916493483
 191                    -0.714749997220                    -0.111220898065
 192                     0.600808046674                    -0.092141066957
 193                     0.367696247178                    -0.090445471539
 194                     0.134629996894                    -0.088621729605
 195                    -0.098459037306                    -0.086862008772
 196                    -0.331570836803                    -0.085166413353
 197                    -0.564682636299                    -0.083470817935
 198                    -0.797794435796                    -0.081775222517
 199                     0.872752305084                    -0.076900889402
 200                     0.752155972688                    -0.064144373555
 201                     0.517763608098                    -0.062695391409
 202                     0.284697357814                    -0.060871649476
 203                     0.051608323615                    -0.059111928643
 204                    -0.181503475882                    -0.057416333224
 205                    -0.882165115484                    -0.056378077089
 206                    -0.414615275379                    -0.055720737806
 207                    -0.647727074876                    -0.054025142388
 208                     0.955305708340                    -0.034950694720
 209                     0.667830969018                    -0.034945311280
 210                     0.434719169521                    -0.033249715862
 211                     0.201652919238                    -0.031425973928
 212                    -0.031436114962                    -0.029666253095
 213                    -0.264547914459                    -0.027970657677
 214                    -0.497659713956                    -0.026275062259
 215                    -0.730771513452                    -0.024579466840
 216                    -0.955910029276                    -0.008158638303
 217                     0.819178895031                    -0.006948617878
 218                     0.584786530442                    -0.005499635733
 219                     0.351720280158                    -0.003675893799
 220                     0.118631245959                    -0.001916172966
 221                    -0.114480553538                    -0.000220577548
 222                    -0.347592353035                     0.001475017871
 223                    -0.580704152532                     0.003170613289
 224                    -0.817455088156                     0.004120141228
 225                     0.734853891362                     0.022250444396
 226                     0.501742091865                     0.023946039815
 227                     0.268675841582                     0.025769781748
 228                     0.035586807382                     0.027529502581
 229                    -0.197524992115                     0.029225098000
 230                    -0.430636791612                     0.030920693418
 231                     0.898157563195                     0.032112828102
 232                    -0.663748591109                     0.032616288836
 233                     0.651809452786                     0.051696119944
 234                     0.418743202502                     0.053519861877
 235                     0.185654168302                     0.055279582710
 236                    -0.047457631194                     0.056975178129
 237                    -0.280569430691                     0.058670773547
 238                    -0.513681230188                     0.060366368965
 239                    -0.746793029685                     0.062061964383
 240                    -0.912285844532                     0.068394330890
 241                     0.801876813706                     0.079446200073
 242                     0.568765014209                     0.081141795491
 243                     0.335698763926                     0.082965537425
 244                     0.102609729726                     0.084725258258
 245                    -0.130502069771                     0.086420853676
 246                    -0.363613869268                     0.088116449094
 247                    -0.596725668765                     0.089812044513
 248                    -0.828388272890                     0.095313172982
 249                     0.950370312400                     0.103086452832
 250                     0.718832375129                     0.108891875620
 251                     0.485766124846                     0.110715617554
 252                     0.252677090646                     0.112475338387
 253                     0.019565291149                     0.114170933805
 254                    -0.213546508347                     0.115866529224
 255                    -0.446658307844                     0.117562124642
 256                    -0.679770107341                     0.119257720060
 257                     0.868899736050                     0.136641955750
 258                     0.635787936553                     0.138337551168
 259                     0.402721686270                     0.140161293102
 260                     0.169632652070                     0.141921013935
 261                    -0.063479147427                     0.143616609353
 262                    -0.296590946924                     0.145312204771
 263                    -0.529702746421                     0.147007800189
 264                    -0.944008145029                     0.150596047649
 265                    -0.773378608144                     0.164141679950
 266                     0.785855297473                     0.166087631297
 267                     0.552789047190                     0.167911373231
 268                     0.319700012990                     0.169671094064
 269                     0.086588213493                     0.171366689482
 270                    -0.146523586004                     0.173062284900
 271                    -0.379635385500                     0.174757880319
 272                    -0.612747184997                     0.176453475737
 273                    -0.860351383478                     0.178254189917
 274                     0.936033078158                     0.194089202586
 275                     0.702810858897                     0.195533306845
 276                     0.469744608613                     0.197357048778
 277                     0.236655574414                     0.199116769611
 278                     0.003543774917                     0.200812365029
 279                    -0.229568024580                     0.202507960448
 280                    -0.462679824077                     0.204203555866
 281                    -0.695791623574                     0.205899151284
 282                     0.852878219817                     0.223283386974
 283                     0.619811969534                     0.225107128908
 284                     0.386722935334                     0.226866849740
 285                     0.153611135837                     0.228562445159
 286                    -0.079500663660                     0.230258040577
 287                    -0.312612463157                     0.231953635995
 288                    -0.545724262653                     0.233649231413
 289                    -0.926132418079                     0.236873999484
 290                    -0.806989020964                     0.248367561351
 291                     0.769833781241                     0.252729062521
 292                     0.536767530957                     0.254552804455
 293                     0.303678496757                     0.256312525288
 294                     0.070566697261                     0.258008120706
 295                    -0.162545102236                     0.259703716124
 296                    -0.395656901733                     0.261399311542
 297                    -0.628768701230                     0.263094906961
 298                     0.686834891879                     0.282302884590
 299                     0.453745857678                     0.284062605417
 300                     0.220634058181                     0.285758200835
 301                    -0.012477741316                     0.287453796253
 302                    -0.728209474661                     0.287829057410
 303                    -0.245589540813                     0.289149391672
 304                     0.911073456577                     0.289440329205
 305                    -0.478701340310                     0.290844987090
 306                     0.603790453301                     0.311748560132
 307                     0.370701419101                     0.313508280965
 308                     0.137589619604                     0.315203876383
 309                    -0.095522179892                     0.316899471801
 310                    -0.328633979389                     0.318595067219
 311                     0.828029018000                     0.318886004752
 312                    -0.561745778886                     0.320290662637
 313                    -0.900388754281                     0.321139593656
 314                    -0.808871466878                     0.336457759355
 315                     0.520768780022                     0.341258361094
 316                     0.287656980525                     0.342953956512
 317                     0.054545181028                     0.344649551930
 318                    -0.661186552317                     0.345024813087
 319                    -0.178566618469                     0.346345147348
 320                    -0.411678417966                     0.348040742766
 321                     0.670813375641                     0.368944315813
 322                     0.437724341445                     0.370704036641
 323                     0.204612541948                     0.372399632059
 324                     0.758810729361                     0.373404397106
 325                    -0.028499257549                     0.374095227478
 326                    -0.261611057045                     0.375790822896
 327                    -0.494722856542                     0.377486418314
 328                    -0.738194485562                     0.389071359298
 329                     0.869871206395                     0.396427334747
 330                     0.587791704489                     0.398454122760
 331                     0.354679902869                     0.400149712189
 332                     0.121568103372                     0.401845307607
 333                    -0.866995858343                     0.402676953730
 334                    -0.111543696125                     0.403540903025
 335                    -0.344655495622                     0.405236498443
 336                    -0.577767295119                     0.406932093861
 337                     0.504747263789                     0.427899792318
 338                     0.271635464292                     0.429595387736
 339                     0.038523664795                     0.431290983154
 340                    -0.194588134702                     0.432986578572
 341                    -0.661892059041                     0.433132297713
 342                    -0.427699934198                     0.434682173990
 343                     0.654814554275                     0.455649963462
 344                     0.421702825213                     0.457345467865
 345                     0.188591025716                     0.459041063283
 346                     0.742814902044                     0.460050574721
 347                    -0.044520773781                     0.460736658702
 348                    -0.277632573278                     0.462432254120
 349                    -0.510744372775                     0.464127849538
 350                     0.829675974230                     0.474835050554
 351                    -0.738201164283                     0.477181668243
 352                    -0.826237418852                     0.480793380922
 353                     0.571801014736                     0.485182637572
 354                     0.338658386636                     0.486791143413
 355                     0.105546587139                     0.488486738831
 356                    -0.127565212358                     0.490182334249
 357                    -0.360677011855                     0.491877929667
 358                    -0.599014301634                     0.494872387065
 359                     0.488725747556                     0.514541223542
 360                     0.255613948060                     0.516236818960
 361                     0.022502148563                     0.517932414378
 362                    -0.210609650934                     0.519628009796
 363                    -0.443721450431                     0.521323605214
 364                     0.695571176551                     0.534424340180
 365                     0.405681308980                     0.543986899089
 366                     0.172569509483                     0.545682494507
 367                    -0.060542290014                     0.547378089925
 368                    -0.293654089511                     0.549073685344
 369                     0.782432248737                     0.549208816013
 370                    -0.687712856136                     0.549392175286
 371                    -0.526765889008                     0.550769280762
 372                    -0.777632488905                     0.555982242671
 373                     0.555688662410                     0.571807222365
 374                     0.322636870403                     0.573432574637
 375                     0.089525070907                     0.575128170055
 376                    -0.143586728590                     0.576823765473
 377                    -0.376698528087                     0.578519360891
 378                    -0.607546312141                     0.585953791919
 379                     0.638596513732                     0.601635309400
 380                     0.239592431827                     0.602878250184
 381                     0.473560879701                     0.603720446806
 382                     0.006480632330                     0.604573845602
 383                    -0.226631167167                     0.606269441020
 384                    -0.459742966664                     0.607965036438
 385                     0.726890765439                     0.620852927098
 386                     0.389659792747                     0.630628330313
 387                     0.156547993250                     0.632323925731
 388                    -0.716691649572                     0.632600685175
 389                    -0.076563806246                     0.634019521150
 390                    -0.309675605743                     0.635715116568
 391                     0.306615354171                     0.660074005860
 392                     0.572678895552                     0.660101489372
 393                     0.073503554674                     0.661769601279
 394                    -0.159608244823                     0.663465196697
 395                    -0.572272890559                     0.666695431218
 396                    -0.398400789336                     0.671227533898
 397                     0.666608382415                     0.685174293113
 398                     0.223570915594                     0.689519681408
 399                     0.489905779660                     0.690301454147
 400                    -0.009540883903                     0.691215276826
 401                    -0.487729746396                     0.691512428660
 402                    -0.242652683399                     0.692910872244
 403                    -0.655401899597                     0.695901499821
 404                     0.373638276515                     0.717269761537
 405                     0.140526477018                     0.718965356955
 406                    -0.092585322479                     0.720660952373
 407                    -0.325697121976                     0.722356547791
 408                     0.600690764236                     0.743640473086
 409                     0.290593837938                     0.746715437084
 410                     0.057482038441                     0.748411032503
 411                    -0.175629761056                     0.750106627921
 412                    -0.588544197723                     0.753290299138
 413                    -0.438145025930                     0.764346363631
 414                     0.446418996022                     0.766932559031
 415                     0.207549399362                     0.776161112632
 416                    -0.025562400135                     0.777856708050
 417                    -0.271769012275                     0.792046580773
 418                     0.529669991361                     0.795789072368
 419                    -0.359354150495                     0.803785234495
 420                     0.357616760282                     0.803911192761
 421                    -0.516686532031                     0.804279537889
 422                     0.124506283105                     0.805610517436
 423                    -0.108606838712                     0.807302383597
 424                     0.274758116292                     0.833875700150
 425                     0.041460522209                     0.835052463727
 426                    -0.191651277288                     0.836748059145
 427                    -0.432912509677                     0.852301181759
 428                     0.430397479789                     0.853573990255
 429                     0.191531782806                     0.862803264883
 430                    -0.041583916368                     0.864498139274
 431                    -0.346469952977                     0.890948437977
 432                     0.341881267345                     0.892718175576
 433                    -0.258421112201                     0.894239064812
 434                     0.071067534076                     0.918039519556
 435                     0.258196955478                     0.920415601580
 436                    -0.094137690732                     0.935219616825
 437                    -0.182189754306                     0.938422847588
 438                     0.155505565178                     0.943211835511
 439                    -0.008490431711                     0.955907139851
