   1                    -0.025778505698                    -0.953788676572
   2                     0.065927189693                    -0.951856594542
   3                    -0.117245957276                    -0.946905885722
   4                     0.172647121374                    -0.938387096243
   5                    -0.207629826889                    -0.931271832442
   6                     0.261956975459                    -0.917472568485
   7                    -0.296094790799                    -0.907031005961
   8                     0.348845834732                    -0.888078799715
   9                    -0.381823259713                    -0.874407438930
  10                     0.109982852094                    -0.871403091706
  11                    -0.065933499626                    -0.870874976232
  12                    -0.156317369239                    -0.855240922951
  13                     0.199292706179                    -0.850488563948
  14                     0.440301996130                    -0.846470036751
  15                     0.022102785273                    -0.845120752320
  16                    -0.464022934901                    -0.833702636915
  17                    -0.277065842537                    -0.817300483641
  18                     0.519548782150                    -0.800278972534
  19                     0.362792713810                    -0.797419260382
  20                     0.271151306800                    -0.793479713539
  21                    -0.541934130592                    -0.785292791902
  22                    -0.362794311450                    -0.784676916608
  23                     0.121812572144                    -0.780443071743
  24                    -0.037939339612                    -0.775776605144
  25                    -0.196787930040                    -0.772925667885
  26                     0.593709994045                    -0.746082528766
  27                    -0.444993986639                    -0.743972114593
  28                     0.201156510413                    -0.734197372266
  29                     0.043251528538                    -0.733095105202
  30                    -0.614996652684                    -0.729476847387
  31                    -0.116540640129                    -0.728495498292
  32                    -0.275419853143                    -0.725589207196
  33                     0.413514631394                    -0.720993122283
  34                     0.504553571355                    -0.709786922268
  35                     0.287598859726                    -0.703149855779
  36                    -0.524368786337                    -0.695264317577
  37                    -0.361148322056                    -0.692965640164
  38                     0.122529927842                    -0.686958320399
  39                    -0.036293350218                    -0.684065328700
  40                     0.665242430847                    -0.683429279450
  41                    -0.195141940646                    -0.681214391441
  42                    -0.682228878610                    -0.667039075395
  43                    -0.443347997244                    -0.652260838149
  44                     0.361651120551                    -0.645337033625
  45                     0.202802530122                    -0.642486096366
  46                     0.043953939693                    -0.639635159107
  47                     0.562627582888                    -0.638786382181
  48                    -0.595457986639                    -0.637298870037
  49                    -0.114894650735                    -0.636784221848
  50                    -0.275999872750                    -0.633864995097
  51                     0.459887816873                    -0.629389210260
  52                     0.733124993029                    -0.610659574157
  53                    -0.361728341663                    -0.601241428063
  54                     0.283049820033                    -0.598055926773
  55                     0.124201229605                    -0.595204989515
  56                     0.642863246113                    -0.594335219599
  57                    -0.034647360824                    -0.592354052256
  58                    -0.193495951252                    -0.589503114996
  59                    -0.508785860563                    -0.587983676168
  60                    -0.702859229847                    -0.577663149576
  61                     0.522145700374                    -0.556476694439
  62                     0.363297109945                    -0.553625757181
  63                     0.204448519516                    -0.550774819922
  64                     0.045599929088                    -0.547923882663
  65                    -0.590196991419                    -0.545723821921
  66                    -0.113248661341                    -0.545072945404
  67                    -0.272097251770                    -0.542222008144
  68                    -0.430369352979                    -0.540396715281
  69                    -0.786546822071                    -0.540112458293
  70                     0.788375194093                    -0.537440158764
  71                     0.698113447177                    -0.521115804205
  72                     0.602415783398                    -0.512008612308
  73                     0.443544399856                    -0.509195587588
  74                     0.284695809427                    -0.506344650329
  75                     0.125847218999                    -0.503493713070
  76                    -0.033001371430                    -0.500642775811
  77                    -0.191849961858                    -0.497791838552
  78                    -0.510789123788                    -0.496279508080
  79                    -0.350698552287                    -0.494940901294
  80                    -0.665786189231                    -0.493762868483
  81                     0.523791689767                    -0.464765417995
  82                    -0.834775948036                    -0.462089263557
  83                     0.364943099339                    -0.461914480736
  84                     0.836339266386                    -0.459253745128
  85                     0.206094508910                    -0.459063543477
  86                     0.047245918481                    -0.456212606219
  87                    -0.111602671947                    -0.453361668959
  88                    -0.270451262376                    -0.450510731701
  89                    -0.429899842296                    -0.448671870948
  90                    -0.744387489748                    -0.446481761630
  91                    -0.587491325406                    -0.445976031311
  92                     0.746077519470                    -0.442929390570
  93                     0.605921547535                    -0.420349585879
  94                     0.445190389250                    -0.417484311143
  95                     0.286341798821                    -0.414633373885
  96                     0.127493208393                    -0.411782436626
  97                    -0.031355382036                    -0.408931499367
  98                    -0.190203972464                    -0.406080562108
  99                    -0.349052562893                    -0.403229624849
 100                    -0.507892773282                    -0.400393819783
 101                    -0.666092625923                    -0.398694924459
 102                    -0.875290111508                    -0.379795460228
 103                     0.876573928067                    -0.376822928637
 104                     0.685240118494                    -0.374281898622
 105                     0.525437827518                    -0.373054144213
 106                     0.366589088732                    -0.370203204292
 107                     0.207740498304                    -0.367352267033
 108                     0.048891907875                    -0.364501329774
 109                    -0.109956682553                    -0.361650392515
 110                    -0.268805272982                    -0.358799455256
 111                     0.775343588602                    -0.355986521132
 112                    -0.427653863410                    -0.355948517997
 113                    -0.746624672792                    -0.354783001987
 114                    -0.586494073799                    -0.353112712931
 115                     0.605685045557                    -0.328623844808
 116                     0.446836378644                    -0.325773034699
 117                     0.287987788215                    -0.322922097440
 118                     0.129139197787                    -0.320071160181
 119                    -0.029709392642                    -0.317220222923
 120                    -0.188557983071                    -0.314369285664
 121                    -0.347406573499                    -0.311518348405
 122                    -0.506255163928                    -0.308667411146
 123                    -0.665768703006                    -0.306969450451
 124                    -0.823203902842                    -0.304292517406
 125                     0.841242985736                    -0.292174290006
 126                     0.686994619955                    -0.282572633917
 127                     0.527083668555                    -0.281342865106
 128                    -0.912285703463                    -0.279481957262
 129                     0.368235078126                    -0.278491927848
 130                     0.209386487698                    -0.275640990589
 131                     0.050537897269                    -0.272790053330
 132                    -0.108310693159                    -0.269939116071
 133                    -0.267159283588                    -0.267088178812
 134                    -0.426007874017                    -0.264237241553
 135                    -0.584865379409                    -0.261401127715
 136                    -0.743686099343                    -0.258569586235
 137                     0.921437613473                    -0.247649137673
 138                     0.767189247692                    -0.238047481585
 139                     0.607439547018                    -0.236914580103
 140                     0.448482368038                    -0.234061758255
 141                     0.289633777609                    -0.231210820996
 142                     0.130785187181                    -0.228359883737
 143                    -0.028063403248                    -0.225508946478
 144                    -0.186911993677                    -0.222658009219
 145                    -0.345760584105                    -0.219807071960
 146                    -0.504609174534                    -0.216956134702
 147                    -0.663457764962                    -0.214105197443
 148                    -0.823042221022                    -0.212566613937
 149                     0.847383875429                    -0.193522329252
 150                     0.688532020797                    -0.190859472884
 151                    -0.932085415032                    -0.189916205946
 152                     0.528729657949                    -0.189631588662
 153                     0.369881067520                    -0.186780651403
 154                     0.211032477092                    -0.183929714144
 155                     0.052183886663                    -0.181078776885
 156                    -0.106664703765                    -0.178227839627
 157                    -0.265513294194                    -0.175376902368
 158                    -0.424361884623                    -0.172525965109
 159                    -0.583210475051                    -0.169675027850
 160                    -0.742594045356                    -0.166849630435
 161                     0.940959923486                    -0.158024660437
 162                     0.768726648534                    -0.146334320551
 163                     0.608976947860                    -0.145201419069
 164                     0.450128357431                    -0.142350481811
 165                     0.291279767003                    -0.139499544552
 166                     0.132431176574                    -0.136648607293
 167                    -0.026417413854                    -0.133797670034
 168                    -0.185266004283                    -0.130946732775
 169                    -0.862182663273                    -0.129610641949
 170                    -0.344114594711                    -0.128095795516
 171                    -0.502963185140                    -0.125244858257
 172                    -0.661811775568                    -0.122393920999
 173                     0.866906185442                    -0.103897852016
 174                    -0.948909348008                    -0.099741767464
 175                     0.530375647342                    -0.097920312218
 176                     0.691232376525                    -0.097259833148
 177                     0.371527056914                    -0.095069374959
 178                     0.212678466485                    -0.092218437700
 179                     0.053829876057                    -0.089367500441
 180                    -0.105018714372                    -0.086516563182
 181                    -0.263867304800                    -0.083665625923
 182                    -0.422715895229                    -0.080814688664
 183                    -0.581564485657                    -0.077963751406
 184                    -0.740413076086                    -0.075112814147
 185                     0.951807849000                    -0.066476855133
 186                     0.788248958546                    -0.056709843315
 187                     0.610622937254                    -0.053490142625
 188                     0.451774346825                    -0.050639205366
 189                     0.292925756397                    -0.047788268107
 190                     0.134077165968                    -0.044937330848
 191                    -0.827018025071                    -0.044892782391
 192                    -0.024771424460                    -0.042086393589
 193                    -0.183620014889                    -0.039235456331
 194                    -0.342468605318                    -0.036384519072
 195                    -0.501317195746                    -0.033533581813
 196                    -0.660165786175                    -0.030682644554
 197                     0.876516372840                    -0.012676627477
 198                    -0.954102059138                    -0.008162821962
 199                     0.709797321521                    -0.007432162993
 200                     0.532021636736                    -0.006209035773
 201                     0.373173046308                    -0.003358098515
 202                     0.214324455879                    -0.000507161256
 203                     0.055475865451                     0.002343776003
 204                    -0.103372724978                     0.005194713262
 205                    -0.262221315406                     0.008045650521
 206                    -0.421069905835                     0.010896587780
 207                    -0.579918496264                     0.013747525039
 208                    -0.754103653191                     0.016672818480
 209                    -0.872914503534                     0.034524978676
 210                     0.791133995419                     0.034970820243
 211                     0.953406057005                     0.037339809593
 212                     0.612268926648                     0.038221133819
 213                     0.453420336219                     0.041072071078
 214                     0.294571745791                     0.043923008337
 215                     0.135723155362                     0.046773945596
 216                    -0.023125435066                     0.049624882855
 217                    -0.181974025495                     0.052475820114
 218                    -0.340822615924                     0.055326757373
 219                    -0.499671206352                     0.058177694631
 220                    -0.658519796781                     0.061028631890
 221                     0.871645709812                     0.078920010833
 222                     0.692516216559                     0.082651303412
 223                    -0.950477001120                     0.083491563981
 224                     0.533667626130                     0.085502240671
 225                     0.374819035702                     0.088353177930
 226                     0.215970445273                     0.091204115189
 227                     0.057121854845                     0.094055052448
 228                    -0.101726735584                     0.096905989706
 229                    -0.260575326013                     0.099756926965
 230                    -0.419423916441                     0.102607864224
 231                    -0.578272506870                     0.105458801483
 232                    -0.737121097298                     0.108309738742
 233                    -0.828614108800                     0.114843983490
 234                     0.773852890457                     0.125054286647
 235                     0.613914916042                     0.129932410264
 236                     0.455066325613                     0.132783347522
 237                     0.944608220721                     0.134509034121
 238                     0.296217735185                     0.135634284781
 239                     0.137369144756                     0.138485222040
 240                    -0.021479445673                     0.141336159299
 241                    -0.180328036101                     0.144187096558
 242                    -0.339176626530                     0.147038033817
 243                    -0.498025216958                     0.149888971076
 244                    -0.656873807387                     0.152739908335
 245                     0.854364604851                     0.169003477238
 246                     0.694162205953                     0.174362579856
 247                    -0.938067676580                     0.174374324572
 248                     0.535313615524                     0.177213517115
 249                     0.376465025096                     0.180064454374
 250                     0.217616434667                     0.182915391633
 251                     0.058767844238                     0.185766328892
 252                    -0.100080746190                     0.188617266151
 253                    -0.258929336619                     0.191468203410
 254                    -0.417777927047                     0.194319140669
 255                    -0.576626517476                     0.197170077928
 256                    -0.746440065948                     0.200119153495
 257                    -0.851173570202                     0.203752578178
 258                     0.775498879851                     0.216765563092
 259                     0.615560905436                     0.221643686708
 260                     0.456712315007                     0.224494623967
 261                     0.927327115759                     0.224592500525
 262                     0.297863724578                     0.227345561226
 263                     0.139015134150                     0.230196498485
 264                    -0.019833456279                     0.233047435743
 265                    -0.178682046707                     0.235898373002
 266                    -0.337530637136                     0.238749310261
 267                    -0.496379227565                     0.241600247520
 268                    -0.655227817993                     0.244451184779
 269                     0.698108482223                     0.266003697329
 270                     0.536959604918                     0.268924793559
 271                    -0.915207106976                     0.269728209030
 272                     0.378111014490                     0.271775730818
 273                     0.848770064575                     0.271947090772
 274                     0.219262424061                     0.274626668077
 275                     0.060413833632                     0.277477605336
 276                    -0.098434756796                     0.280328542595
 277                    -0.257283347225                     0.283179479854
 278                    -0.416131937653                     0.286030417113
 279                    -0.574980528415                     0.288881354973
 280                    -0.733818435324                     0.291750047088
 281                    -0.825544450365                     0.291825364693
 282                     0.617206894830                     0.313354963152
 283                     0.458358304401                     0.316205900411
 284                     0.299509713972                     0.319056837670
 285                     0.140661123544                     0.321907774929
 286                    -0.018187466885                     0.324758712188
 287                    -0.177036057313                     0.327609649447
 288                    -0.335884647742                     0.330460586706
 289                    -0.494733238171                     0.333311523965
 290                    -0.654194388664                     0.337287709540
 291                     0.790274954622                     0.343186844009
 292                     0.885179994940                     0.356137259313
 293                     0.697485994549                     0.357727631050
 294                     0.538605594312                     0.360636070004
 295                     0.379757003883                     0.363487007263
 296                    -0.881891621919                     0.364203978703
 297                     0.220908413455                     0.366337944522
 298                     0.062059823026                     0.369188881781
 299                    -0.779616215885                     0.371224765104
 300                    -0.096788767402                     0.372039819039
 301                    -0.255637357831                     0.374890756298
 302                    -0.414485948259                     0.377741693557
 303                    -0.573334421047                     0.380592826386
 304                     0.620417685259                     0.407565704004
 305                     0.460004293795                     0.407917176856
 306                     0.301155703366                     0.410768114114
 307                     0.142307112938                     0.413619051373
 308                    -0.016541477491                     0.416469988632
 309                    -0.175390067919                     0.419320925891
 310                    -0.334238658348                     0.422171863150
 311                    -0.493152409644                     0.425140694524
 312                     0.755825356655                     0.428510300802
 313                    -0.651267736158                     0.428967054069
 314                     0.846891884866                     0.439490052518
 315                    -0.842844108938                     0.447203733149
 316                     0.540251583705                     0.452347346448
 317                    -0.739581548198                     0.453752899042
 318                     0.381402993277                     0.455198283707
 319                     0.222554402849                     0.458049220966
 320                     0.063705812420                     0.460900158225
 321                    -0.095142778008                     0.463751095484
 322                    -0.253991368437                     0.466602032742
 323                    -0.412839958865                     0.469452970002
 324                    -0.571085724756                     0.473514922207
 325                     0.461650283188                     0.499628453300
 326                     0.618268431750                     0.500586738332
 327                     0.302801692760                     0.502479390559
 328                     0.143953102331                     0.505330327818
 329                     0.709710309134                     0.507801346326
 330                    -0.014895488097                     0.508181265076
 331                    -0.173744078526                     0.511032202335
 332                    -0.332592668954                     0.513883139594
 333                    -0.490773273976                     0.517827197684
 334                     0.800776837345                     0.518781098041
 335                    -0.674480017499                     0.519414227214
 336                    -0.796007067877                     0.526070450418
 337                     0.383048982671                     0.546909560151
 338                     0.224200392243                     0.549760497410
 339                     0.065351801814                     0.552611434669
 340                    -0.093496788615                     0.555462371928
 341                    -0.252345379043                     0.558313309187
 342                     0.550356980908                     0.562355334392
 343                    -0.409056924052                     0.564547576831
 344                    -0.569305055628                     0.565223682561
 345                     0.655985327143                     0.584199556189
 346                     0.463296272582                     0.591339729744
 347                     0.747261045613                     0.593277591539
 348                     0.304447682154                     0.594190667003
 349                     0.145599091725                     0.597041604262
 350                    -0.013249498703                     0.599892541521
 351                    -0.741813364604                     0.600075247788
 352                    -0.172098089132                     0.602743478779
 353                    -0.650432515125                     0.608025584665
 354                    -0.488992604848                     0.609535958038
 355                    -0.338345985854                     0.622973861389
 356                     0.225846381636                     0.641471773855
 357                     0.066997791208                     0.644322711114
 358                     0.588147632558                     0.645938641877
 359                    -0.091850799221                     0.647173648373
 360                    -0.250699389650                     0.650024585631
 361                    -0.567524386501                     0.656932442914
 362                    -0.418803930525                     0.668588625250
 363                     0.402599695175                     0.671874404992
 364                     0.675534096463                     0.673818265877
 365                     0.501115751937                     0.674906197239
 366                     0.306093671548                     0.685901943447
 367                     0.147245081119                     0.688752880706
 368                    -0.011603509310                     0.691603817965
 369                    -0.170452099738                     0.694454755224
 370                    -0.648651845997                     0.699734345018
 371                    -0.339506426779                     0.714692566597
 372                    -0.497335712177                     0.715985110127
 373                     0.607709764611                     0.735572031082
 374                     0.068755342551                     0.736352658352
 375                    -0.091601591489                     0.741319079148
 376                    -0.251859830575                     0.741743290839
 377                     0.237821959929                     0.747275931836
 378                     0.451116304846                     0.751806930647
 379                    -0.578463171674                     0.758787012231
 380                     0.359781908648                     0.760274254862
 381                    -0.421800906736                     0.768025101240
 382                     0.150227692255                     0.780430421789
 383                    -0.010054919403                     0.783316790752
 384                    -0.171612540664                     0.786173460431
 385                     0.534269005918                     0.790527672020
 386                    -0.338494035573                     0.806413025450
 387                    -0.502928366233                     0.810827003344
 388                     0.293018516023                     0.823173514900
 389                    -0.250847439369                     0.833463749691
 390                     0.446156741272                     0.843398798393
 391                     0.206288051162                     0.853031411226
 392                    -0.067961616068                     0.858257638793
 393                    -0.413441110375                     0.859586407352
 394                     0.115205789446                     0.865207387007
 395                     0.023545021249                     0.868667312112
 396                    -0.158586284147                     0.876969848847
 397                     0.363108561470                     0.882343211852
 398                    -0.324880458787                     0.897123212503
 399                     0.275493417373                     0.913449901489
 400                    -0.237233862583                     0.924173936745
 401                     0.172683993375                     0.938380311678
 402                    -0.101451186438                     0.948728110516
 403                     0.081779023305                     0.950625879230
 404                    -0.009881744892                     0.954085804334
