   1                     0.020092341652                    -0.956126946528
   2                    -0.104530489052                    -0.950608130056
   3                     0.107222195483                    -0.950308287276
   4                    -0.190804933319                    -0.937110408379
   5                     0.193458068183                    -0.936566290193
   6                    -0.275488512846                    -0.915799388163
   7                     0.278080955233                    -0.915015531238
   8                    -0.039515262038                    -0.892311573721
   9                     0.360385300624                    -0.885835693097
  10                    -0.360810255186                    -0.885638366800
  11                     0.127686099104                    -0.865416021005
  12                    -0.122131879531                    -0.864027961183
  13                    -0.208568682470                    -0.851612353195
  14                     0.439684879536                    -0.849270067045
  15                    -0.442273867380                    -0.847924681976
  16                     0.039947150388                    -0.842048149688
  17                    -0.293252261998                    -0.830301332979
  18                     0.286904933724                    -0.828138574410
  19                     0.200304805147                    -0.816918683378
  20                    -0.042829804005                    -0.805050574210
  21                    -0.517773994649                    -0.804047592208
  22                     0.368907936174                    -0.798122315261
  23                    -0.373009925713                    -0.794745977507
  24                     0.103430674137                    -0.781528342626
  25                    -0.125497235749                    -0.776768906628
  26                     0.560243816350                    -0.775054389260
  27                     0.473157550146                    -0.768616185883
  28                    -0.211934038689                    -0.764353298640
  29                    -0.448510052983                    -0.750868887739
  30                     0.022956592486                    -0.747625681865
  31                     0.253321580096                    -0.747530717576
  32                    -0.296617618216                    -0.743042278425
  33                     0.169203268051                    -0.724087641777
  34                    -0.548656333029                    -0.722366814785
  35                    -0.059688613194                    -0.719369486583
  36                     0.402380606784                    -0.717468434100
  37                     0.633430676391                    -0.716483090015
  38                    -0.635628274060                    -0.714534210018
  39                    -0.374772577735                    -0.704090121528
  40                    -0.145043567990                    -0.691660686578
  41                     0.319359469839                    -0.690395217732
  42                     0.088729186401                    -0.690184981017
  43                     0.550799273289                    -0.688242703236
  44                    -0.231480370930                    -0.679245078590
  45                    -0.455973016947                    -0.663864448812
  46                     0.006097783298                    -0.661944594238
  47                     0.236859730644                    -0.661772477524
  48                     0.468157505229                    -0.660032662536
  49                    -0.698155059573                    -0.653576279299
  50                     0.702539477183                    -0.648861096899
  51                    -0.311386970269                    -0.644025714511
  52                    -0.538605103971                    -0.635623278896
  53                    -0.077776626519                    -0.633939445040
  54                     0.154501780315                    -0.632744280169
  55                     0.385528218747                    -0.631786083282
  56                     0.617126043648                    -0.630694820565
  57                    -0.622226178796                    -0.610445393753
  58                    -0.390200423030                    -0.606423747966
  59                    -0.160408029622                    -0.605699058261
  60                     0.071870377212                    -0.604503893390
  61                     0.302632324560                    -0.604331776677
  62                     0.534494640545                    -0.602454433785
  63                    -0.754860872598                    -0.587169058356
  64                    -0.245614376353                    -0.586585013664
  65                    -0.472831826133                    -0.578183361185
  66                    -0.010761025891                    -0.576263506611
  67                     0.220274374232                    -0.575303579320
  68                     0.451852872486                    -0.574244393086
  69                     0.712346448175                    -0.562089606512
  70                    -0.555738705919                    -0.549996718131
  71                    -0.324427829114                    -0.548983047119
  72                    -0.093392428993                    -0.548023119832
  73                     0.137642971129                    -0.547063192541
  74                     0.369223586004                    -0.545997813832
  75                     0.601389310218                    -0.544800563218
  76                     0.794457874274                    -0.532371229570
  77                    -0.639353787993                    -0.524817634075
  78                    -0.407059232217                    -0.520742660339
  79                    -0.176023832096                    -0.519782733053
  80                     0.055011568026                    -0.518822805763
  81                     0.286413611288                    -0.518285428301
  82                     0.518757907115                    -0.516560176439
  83                    -0.805272919916                    -0.515866227351
  84                    -0.720864659116                    -0.493489593713
  85                    -0.489690635319                    -0.492502273558
  86                    -0.258655235199                    -0.491542346273
  87                    -0.027619835077                    -0.490582418984
  88                     0.203964825500                    -0.489516244332
  89                     0.436116139056                    -0.488350135739
  90                     0.667164617053                    -0.487362968954
  91                    -0.572322038421                    -0.464261886777
  92                    -0.341286638301                    -0.463301959492
  93                    -0.110251238179                    -0.462342032204
  94                     0.121333422397                    -0.461275857553
  95                     0.353486852573                    -0.460103556485
  96                     0.584534547870                    -0.459118679425
  97                     0.749276043153                    -0.457644592012
  98                     0.839831204653                    -0.457455120713
  99                    -0.654999116065                    -0.436155498597
 100                    -0.423918041403                    -0.435061572711
 101                    -0.192882641282                    -0.434101645426
 102                     0.038702019295                    -0.433035470775
 103                     0.270676877858                    -0.432391170954
 104                     0.501903144767                    -0.430878292646
 105                    -0.821992931263                    -0.430157946276
 106                    -0.737584670464                    -0.407781312639
 107                    -0.506549444505                    -0.406821185930
 108                    -0.275514044385                    -0.405861258646
 109                    -0.043929383808                    -0.404795083996
 110                     0.188228092070                    -0.403621986986
 111                     0.419262158647                    -0.402665961348
 112                     0.650309598559                    -0.401680791821
 113                     0.794389734692                    -0.382876797743
 114                    -0.589180847607                    -0.378580799149
 115                    -0.358145447487                    -0.377620871865
 116                    -0.126560786911                    -0.376554697216
 117                     0.105596688967                    -0.375381600207
 118                     0.336632089089                    -0.374421672915
 119                     0.567675740270                    -0.373437591486
 120                     0.881030785191                    -0.371977412778
 121                    -0.882881373682                    -0.367563491218
 122                    -0.671812250709                    -0.350340412369
 123                    -0.440776850589                    -0.349380485084
 124                    -0.209192190014                    -0.348314310438
 125                     0.022965285864                    -0.347141213428
 126                     0.254000685986                    -0.346181286139
 127                     0.485044337167                    -0.345197204707
 128                     0.716079737288                    -0.344237277420
 129                    -0.754443739437                    -0.322100276128
 130                    -0.523408253691                    -0.321140098303
 131                    -0.291823593117                    -0.320073923658
 132                    -0.059666117239                    -0.318900826649
 133                     0.171369282883                    -0.317940899358
 134                     0.402404683005                    -0.316980972069
 135                     0.633448334186                    -0.315996890639
 136                     0.788850231101                    -0.295460939152
 137                    -0.836892438316                    -0.293330843090
 138                    -0.606039656793                    -0.292899711522
 139                    -0.374454996219                    -0.291833536877
 140                    -0.142297520342                    -0.290660439870
 141                     0.911288034674                    -0.290063024067
 142                     0.088737879780                    -0.289700512580
 143                     0.319773279903                    -0.288740585288
 144                     0.550816931083                    -0.287756503859
 145                    -0.688671059896                    -0.264659324741
 146                    -0.919161888349                    -0.264052765706
 147                    -0.457086399321                    -0.263593150096
 148                    -0.224928923444                    -0.262420053091
 149                     0.006106476678                    -0.261460125801
 150                     0.237141876800                    -0.260500198512
 151                     0.468185527980                    -0.259516117079
 152                     0.699220928102                    -0.258556189793
 153                    -0.771119845684                    -0.235890140774
 154                    -0.539717802423                    -0.235352763315
 155                    -0.307560326547                    -0.234179666311
 156                    -0.076524926425                    -0.233219739022
 157                     0.154510473697                    -0.232259811731
 158                     0.385545873819                    -0.231299884441
 159                     0.616589525000                    -0.230315803012
 160                     0.848719486224                    -0.229147960503
 161                    -0.622349205525                    -0.207112376534
 162                    -0.853389295717                    -0.206612063389
 163                    -0.390191729649                    -0.205939279530
 164                     0.933947283532                    -0.205730191402
 165                    -0.159156329528                    -0.204979352243
 166                     0.071879070594                    -0.204019424952
 167                     0.302914470717                    -0.203059497661
 168                     0.533958121897                    -0.202075416231
 169                     0.765731893285                    -0.201972095432
 170                    -0.939348438005                    -0.179000073827
 171                    -0.704980608627                    -0.178871989753
 172                    -0.472823132751                    -0.177698892749
 173                    -0.241787732631                    -0.176738965464
 174                    -0.010752332509                    -0.175779038173
 175                     0.220283067613                    -0.174819110884
 176                     0.451326718794                    -0.173835029453
 177                     0.682381958704                    -0.172871200675
 178                    -0.787235584244                    -0.149553272004
 179                    -0.555454535854                    -0.149458505968
 180                    -0.324419135733                    -0.148498578684
 181                    -0.093383735611                    -0.147538651395
 182                     0.137651664511                    -0.146578724104
 183                     0.368687064633                    -0.145618796814
 184                     0.599730715813                    -0.144634715384
 185                     0.830760679275                    -0.143690664284
 186                    -0.638085938956                    -0.121218119188
 187                    -0.869698517981                    -0.120824666335
 188                     0.914948402948                    -0.120498092046
 189                    -0.407050538835                    -0.120258191903
 190                    -0.176015138714                    -0.119298264615
 191                     0.055020261408                    -0.118338337325
 192                     0.286055661531                    -0.117378410033
 193                     0.517099312709                    -0.116394328604
 194                     0.748141249177                    -0.115415268718
 195                    -0.720717342058                    -0.092977732407
 196                    -0.489681941938                    -0.092017805122
 197                    -0.951950865609                    -0.091498576691
 198                    -0.258646541817                    -0.091057877836
 199                    -0.027611141695                    -0.090097950546
 200                     0.203424258427                    -0.089138023257
 201                     0.434467909606                    -0.088153941826
 202                     0.665503309727                    -0.087194014536
 203                    -0.572313345040                    -0.063777418341
 204                    -0.802796153167                    -0.063169394797
 205                    -0.341277944920                    -0.062817491056
 206                    -0.110242544798                    -0.061857563767
 207                     0.120792855325                    -0.060897636476
 208                     0.351828255446                    -0.059937709186
 209                     0.582871906624                    -0.058953627757
 210                     0.815111855244                    -0.057780344799
 211                     0.955366729914                    -0.043091199139
 212                    -0.654944748142                    -0.035537031560
 213                    -0.885427553170                    -0.034928998946
 214                    -0.423909348022                    -0.034577104276
 215                    -0.192873947900                    -0.033617176988
 216                     0.038161452222                    -0.032657249697
 217                     0.269196852343                    -0.031697322407
 218                     0.500240503521                    -0.030713240978
 219                     0.732492424161                    -0.029504952110
 220                    -0.506540751124                    -0.006336717495
 221                    -0.737023559252                    -0.005728693951
 222                    -0.275505351003                    -0.005376790209
 223                    -0.044469950881                    -0.004416862919
 224                     0.186565449240                    -0.003456935629
 225                     0.417584056792                    -0.002477785643
 226                     0.648644500539                    -0.001512926909
 227                     0.880395921660                     0.001684309052
 228                    -0.956200401752                     0.016224418610
 229                    -0.589172154226                     0.021903669286
 230                    -0.819672670936                     0.022531976390
 231                    -0.358136754106                     0.022863596571
 232                    -0.127101353984                     0.023823523860
 233                     0.103934046137                     0.024783451151
 234                     0.334952653689                     0.025762601136
 235                     0.566013097436                     0.026727459870
 236                     0.797910961620                     0.030349611971
 237                     0.955194859298                     0.046746345762
 238                    -0.440768157208                     0.051103983352
 239                    -0.671250965335                     0.051712006896
 240                    -0.209732757087                     0.052063910639
 241                     0.021302643034                     0.053023837930
 242                     0.252321250586                     0.054002987914
 243                     0.483356650706                     0.054962915205
 244                     0.714417094453                     0.055927773939
 245                    -0.523399560310                     0.079344370133
 246                    -0.753882368438                     0.079952393677
 247                    -0.292364160189                     0.080304297418
 248                    -0.061328760068                     0.081264224708
 249                     0.169689847483                     0.082243374694
 250                     0.400725247603                     0.083203301984
 251                     0.631785691351                     0.084168160718
 252                     0.878770521942                     0.088993107578
 253                    -0.923110043499                     0.097035905509
 254                    -0.836505059753                     0.108218258320
 255                    -0.374995563292                     0.108544684198
 256                    -0.605478371420                     0.109152707742
 257                    -0.143960163171                     0.109504611487
 258                     0.087058444380                     0.110483761473
 259                     0.318093844501                     0.111443688763
 260                     0.549129244621                     0.112403616053
 261                     0.796285561902                     0.117658410496
 262                    -0.457626966394                     0.136785070979
 263                    -0.688109774522                     0.137393094523
 264                    -0.226591566274                     0.137744998266
 265                     0.004427041277                     0.138724148251
 266                     0.235462441398                     0.139684075542
 267                     0.466497841518                     0.140644002832
 268                     0.712791694735                     0.143236572465
 269                     0.945173417179                     0.145703985972
 270                    -0.770732465837                     0.165658959167
 271                    -0.309222969377                     0.165985385045
 272                    -0.539705777503                     0.166593408589
 273                    -0.078204361826                     0.166964535030
 274                     0.152831038295                     0.167924462321
 275                     0.383866438415                     0.168884389611
 276                     0.614901838536                     0.169844316901
 277                     0.862858908200                     0.174855140935
 278                    -0.938673227451                     0.182961777803
 279                    -0.391854372478                     0.194225771826
 280                    -0.622337180606                     0.194833795370
 281                    -0.160835764928                     0.195204921810
 282                     0.070199635192                     0.196164849100
 283                    -0.852412097421                     0.196544328007
 284                     0.301235035312                     0.197124776390
 285                     0.532270435433                     0.198084703680
 286                     0.776930315778                     0.202810290521
 287                    -0.243467168031                     0.223445308589
 288                    -0.473933183587                     0.224034109438
 289                    -0.705902798719                     0.224161800855
 290                    -0.012431767911                     0.224405235878
 291                     0.682491709009                     0.225135162741
 292                     0.218603632209                     0.225365163169
 293                     0.449639032330                     0.226325090459
 294                     0.926943441752                     0.234771012087
 295                    -0.326098571133                     0.251685695370
 296                    -0.556564586690                     0.252274496216
 297                    -0.095063171014                     0.252645622658
 298                     0.135972229106                     0.253605549948
 299                     0.367007629227                     0.254565477238
 300                    -0.787582430304                     0.255047169696
 301                     0.598043029348                     0.255525404528
 302                     0.843012979718                     0.259893998799
 303                    -0.918071109615                     0.267820607425
 304                    -0.639195989792                     0.280514882997
 305                    -0.177694574117                     0.280886009437
 306                    -0.408177382242                     0.281494032981
 307                     0.053340826004                     0.281845936727
 308                     0.284376226124                     0.282805864017
 309                     0.515411626245                     0.283765791307
 310                     0.746413705998                     0.284628410468
 311                    -0.260325977219                     0.309126396218
 312                    -0.490808785345                     0.309734419760
 313                    -0.029290577099                     0.310086323506
 314                     0.201744823021                     0.311046250796
 315                     0.432780223141                     0.312006178086
 316                    -0.720530141866                     0.312298903045
 317                     0.663815623263                     0.312966105376
 318                     0.898611245191                     0.327231218081
 319                    -0.573440188447                     0.337974806541
 320                    -0.111921980202                     0.338326710285
 321                    -0.342404788327                     0.338934733830
 322                     0.119113419918                     0.339286637575
 323                     0.350148820039                     0.340246564865
 324                    -0.803003094716                     0.340998733575
 325                     0.581184220159                     0.341206492155
 326                     0.812496369937                     0.341712118746
 327                    -0.889814436249                     0.350446442576
 328                    -0.194553383304                     0.366567097066
 329                    -0.425036191430                     0.367175120609
 330                     0.036482016815                     0.367527024354
 331                     0.267517416936                     0.368486951644
 332                     0.498552817056                     0.369446878934
 333                    -0.654774340522                     0.369758826589
 334                     0.729617454617                     0.370388215125
 335                    -0.507667594533                     0.395415507389
 336                    -0.046149386287                     0.395767411133
 337                    -0.276632194413                     0.396375434678
 338                     0.184886013833                     0.396727338423
 339                     0.415921413953                     0.397687265713
 340                    -0.737247293371                     0.398458657119
 341                     0.646956814074                     0.398647193003
 342                     0.862376084537                     0.413388351178
 343                    -0.128780789389                     0.424007797914
 344                    -0.359263597516                     0.424615821457
 345                     0.102254610730                     0.424967725202
 346                     0.333290010850                     0.425927652492
 347                     0.564325410971                     0.426887579782
 348                    -0.589001746607                     0.427199527437
 349                    -0.854138801604                     0.430150377967
 350                    -0.441895000618                     0.452856208237
 351                     0.019623207627                     0.453208111981
 352                    -0.210859600498                     0.453816135526
 353                     0.250658607748                     0.454168039271
 354                     0.481694007868                     0.455127966561
 355                    -0.671474699457                     0.455899357968
 356                     0.712729407989                     0.456087893851
 357                     0.798428636706                     0.472854241738
 358                    -0.779229468876                     0.475028658844
 359                    -0.063008195475                     0.481448498762
 360                    -0.293491003601                     0.482056522305
 361                     0.168027204645                     0.482408426050
 362                     0.399062604765                     0.483368353340
 363                     0.630098004886                     0.484328280630
 364                    -0.523229152693                     0.484640228285
 365                    -0.376122406703                     0.510296909085
 366                     0.085395801542                     0.510648812829
 367                    -0.145087006583                     0.511256836374
 368                     0.316431201662                     0.511608740119
 369                     0.547466601783                     0.512568667409
 370                    -0.605702105542                     0.513340058816
 371                     0.002764398440                     0.538889199610
 372                    -0.227718409686                     0.539497223153
 373                     0.233799798559                     0.539849126898
 374                     0.464835198680                     0.540809054188
 375                    -0.688817890697                     0.541483713675
 376                     0.690258806358                     0.547622405083
 377                    -0.469080578220                     0.553148622711
 378                     0.777020760460                     0.557513388077
 379                    -0.773655147668                     0.562174485865
 380                    -0.310349812789                     0.567737609933
 381                     0.151168395457                     0.568089513677
 382                    -0.079314412669                     0.568697537222
 383                     0.382203795577                     0.569049440967
 384                    -0.551553531070                     0.581848453241
 385                    -0.392981215891                     0.595977996712
 386                     0.068536992355                     0.596329900458
 387                    -0.161945815772                     0.596937924001
 388                     0.299572392474                     0.597289827746
 389                     0.618673809050                     0.598065655577
 390                     0.530607792595                     0.598249755035
 391                    -0.634313620521                     0.609709462163
 392                     0.216940989371                     0.625530214524
 393                    -0.013541818754                     0.626138238070
 394                     0.447976389492                     0.626490141815
 395                     0.719623101617                     0.629861120954
 396                    -0.719150877492                     0.630400234353
 397                    -0.242445133845                     0.630780619134
 398                    -0.485553106446                     0.639027227044
 399                    -0.326760249868                     0.653505702945
 400                     0.134285281657                     0.653798419474
 401                    -0.096173221857                     0.654378624849
 402                     0.365344986760                     0.654730529679
 403                    -0.571898210578                     0.670781426481
 404                     0.573890252264                     0.674092334825
 405                    -0.409391652971                     0.681746089724
 406                     0.282713583286                     0.682970915373
 407                     0.052206470549                     0.683606757086
 408                    -0.176672539930                     0.688221319982
 409                     0.659170010061                     0.692876134606
 410                    -0.656437757017                     0.694915175534
 411                     0.491258849161                     0.702332721604
 412                     0.200082162485                     0.711211298669
 413                    -0.030424932554                     0.711847143865
 414                    -0.259303943033                     0.716461706761
 415                    -0.503105898096                     0.724568841066
 416                    -0.343619059056                     0.739186790572
 417                     0.348486165336                     0.740411629806
 418                     0.118003351377                     0.741019636281
 419                    -0.110755166423                     0.746089248805
 420                    -0.584083321771                     0.757251023967
 421                     0.578826698297                     0.761276620821
 422                     0.431868677454                     0.766350498266
 423                    -0.426944444621                     0.767287703746
 424                     0.265854756400                     0.768651999517
 425                    -0.193531349118                     0.773902407609
 426                     0.046019354422                     0.790754283479
 427                    -0.040954831411                     0.798561922229
 428                     0.506973429329                     0.810900969308
 429                    -0.505433427223                     0.811861743597
 430                     0.158144114587                     0.818570828103
 431                    -0.346599788665                     0.826459830368
 432                     0.347540295688                     0.827730433936
 433                    -0.259090530440                     0.831822180202
 434                     0.238930810421                     0.851721665203
 435                     0.430893193379                     0.853764309379
 436                    -0.429271973748                     0.854580606277
 437                    -0.173510126717                     0.858900165684
 438                     0.086646054988                     0.868705603437
 439                    -0.087702389557                     0.875102031863
 440                    -0.000381999226                     0.875887943158
 441                    -0.308717141375                     0.905138755491
 442                     0.307757063543                     0.905465642589
 443                    -0.224867452650                     0.929525184602
 444                     0.208100334972                     0.933422032446
 445                    -0.139142897821                     0.946161558116
 446                     0.122090226325                     0.948512739349
 447                    -0.052258218220                     0.954909167774
 448                     0.035062172111                     0.955695079069
