   1                    -0.023597400315                    -0.955736272215
   2                     0.071565219180                    -0.953318531573
   3                    -0.111322635684                    -0.949524054521
   4                     0.158889320403                    -0.942731585973
   5                    -0.198105842280                    -0.935276822435
   6                     0.244847091303                    -0.924142067655
   7                    -0.283212647645                    -0.913115138163
   8                     0.328732929539                    -0.897732321110
   9                    -0.365922865279                    -0.883226537189
  10                     0.021134802061                    -0.880017459230
  11                    -0.066590433308                    -0.873805241536
  12                     0.108574235991                    -0.870601835871
  13                     0.194532006889                    -0.852012317553
  14                    -0.445536588964                    -0.845863941319
  15                    -0.227452690084                    -0.845106787926
  16                     0.449730815456                    -0.843641424397
  17                    -0.141305482212                    -0.827415910473
  18                     0.277904293077                    -0.824023561505
  19                     0.365636082156                    -0.817904594748
  20                    -0.521380115478                    -0.801343518420
  21                     0.056700350004                    -0.799584876475
  22                     0.525352363056                    -0.798744986814
  23                    -0.373438131189                    -0.795504027144
  24                    -0.031024885365                    -0.793372658781
  25                    -0.286829365681                    -0.780232147548
  26                     0.213414831713                    -0.764228762883
  27                     0.447701147921                    -0.755719930899
  28                    -0.193526025028                    -0.753701259936
  29                    -0.105739934269                    -0.746983327718
  30                     0.127177915584                    -0.746980491495
  31                    -0.441270856286                    -0.739530551505
  32                     0.606674145857                    -0.738874238337
  33                    -0.610319756950                    -0.735865785049
  34                     0.363000487412                    -0.729999178479
  35                    -0.525270388944                    -0.713484686527
  36                     0.046382399051                    -0.712247321796
  37                     0.523322695522                    -0.710823493316
  38                    -0.357467085039                    -0.709021460958
  39                     0.278790727834                    -0.704641119285
  40                    -0.270858319531                    -0.693749581362
  41                    -0.038779250786                    -0.689942189123
  42                     0.194893669156                    -0.678256237582
  43                     0.676280005343                    -0.675512826168
  44                    -0.679082610708                    -0.672930506934
  45                     0.427432542618                    -0.670142526123
  46                    -0.121698613433                    -0.660498478591
  47                    -0.425299810136                    -0.653047985319
  48                     0.589291078473                    -0.652664392394
  49                     0.110835638180                    -0.652399787229
  50                    -0.594348710800                    -0.649383218863
  51                     0.343379133490                    -0.644271055675
  52                    -0.205752022561                    -0.634627008142
  53                    -0.509299342794                    -0.627002120342
  54                     0.026786850900                    -0.626513296684
  55                     0.503054090218                    -0.625246088539
  56                     0.259325724362                    -0.618399585227
  57                     0.737399273960                    -0.608466079656
  58                    -0.289506821391                    -0.607804587630
  59                    -0.057266558228                    -0.600641826236
  60                    -0.744177050512                    -0.600157626645
  61                     0.175272315234                    -0.592528114778
  62                     0.651342010791                    -0.590342723870
  63                    -0.657108210414                    -0.587775153016
  64                     0.407811188696                    -0.584414403319
  65                    -0.373560230519                    -0.581933117181
  66                    -0.141319967356                    -0.574770355787
  67                     0.091218906106                    -0.566656644329
  68                     0.567126335111                    -0.565004441785
  69                     0.323757779567                    -0.558542932871
  70                    -0.457559763177                    -0.555887252204
  71                    -0.225074766186                    -0.547947935275
  72                    -0.545016835380                    -0.546636895943
  73                     0.007165496978                    -0.540785173880
  74                     0.483116968783                    -0.538990312194
  75                     0.790192804200                    -0.538130087916
  76                     0.239704370440                    -0.532671462423
  77                    -0.796178418238                    -0.529233961175
  78                    -0.309128175314                    -0.522076464826
  79                     0.704135541030                    -0.520006732130
  80                    -0.076887912150                    -0.514913703432
  81                     0.155650961312                    -0.506799991974
  82                    -0.623311375589                    -0.506583512283
  83                    -0.711256047900                    -0.506375711345
  84                     0.388189834773                    -0.498686280516
  85                    -0.393127707972                    -0.496030599849
  86                     0.619481625879                    -0.494341636167
  87                    -0.160642710980                    -0.488091282920
  88                     0.071597552184                    -0.480928521526
  89                     0.304136425645                    -0.472814810067
  90                    -0.477181117100                    -0.470159129400
  91                     0.535472259551                    -0.468327506576
  92                    -0.244696120108                    -0.462219812471
  93                    -0.012455856944                    -0.455057051077
  94                    -0.841442405254                    -0.453831838867
  95                     0.793125748337                    -0.450234090237
  96                     0.220083016517                    -0.446943339619
  97                    -0.561234526227                    -0.444287658950
  98                     0.452621889979                    -0.438829628161
  99                    -0.328695652766                    -0.436173947493
 100                     0.683862835786                    -0.434430298509
 101                    -0.096210655774                    -0.428234630565
 102                    -0.733188480090                    -0.421209538556
 103                     0.136029607390                    -0.421071869170
 104                    -0.645287935355                    -0.418416188501
 105                     0.368568480851                    -0.412958157712
 106                    -0.412749061894                    -0.410302477045
 107                     0.599853469458                    -0.408416168917
 108                     0.867093713151                    -0.402662578274
 109                    -0.180264064902                    -0.402363160115
 110                     0.051976198261                    -0.395200398722
 111                     0.284515071723                    -0.387086687264
 112                    -0.496802471021                    -0.384431006594
 113                     0.517003099886                    -0.378918290502
 114                    -0.264263597560                    -0.376317295138
 115                     0.748294890992                    -0.374573646154
 116                    -0.806753528199                    -0.373017295758
 117                    -0.031778600568                    -0.368377978209
 118                     0.200461662595                    -0.361215216815
 119                    -0.580855880150                    -0.358559536146
 120                     0.432949690758                    -0.353046820054
 121                    -0.348317006688                    -0.350445824690
 122                     0.664285524664                    -0.348559516562
 123                    -0.890792422796                    -0.347098716244
 124                    -0.115832009696                    -0.342506507760
 125                     0.116408253467                    -0.335343746366
 126                    -0.664909289277                    -0.332688065697
 127                     0.348896281630                    -0.327175349605
 128                    -0.432370415816                    -0.324574354239
 129                     0.900426680550                    -0.321279399094
 130                     0.581435155092                    -0.319061638147
 131                    -0.199831542354                    -0.316460642783
 132                     0.812726946197                    -0.314716993797
 133                     0.032653454637                    -0.308521325854
 134                    -0.748940701597                    -0.306745237925
 135                     0.264842872502                    -0.301303879156
 136                    -0.516423824944                    -0.298702883791
 137                     0.497381745964                    -0.293190167698
 138                    -0.283884951482                    -0.290589172335
 139                     0.728717579869                    -0.288702864205
 140                    -0.051399954490                    -0.282649855405
 141                    -0.833274374921                    -0.280570656466
 142                     0.180789463375                    -0.275432408708
 143                    -0.600477234071                    -0.272831413342
 144                     0.413328336836                    -0.267318697250
 145                    -0.367938360610                    -0.264717701884
 146                    -0.919317632736                    -0.262380924364
 147                     0.645867210297                    -0.259204985791
 148                    -0.135399487149                    -0.256603990428
 149                     0.097034664544                    -0.248609988195
 150                    -0.684508646391                    -0.246888585570
 151                     0.329274927708                    -0.241447226801
 152                    -0.451991769738                    -0.238846231436
 153                     0.915748327153                    -0.234679423836
 154                     0.561813801169                    -0.233333515343
 155                    -0.219452896276                    -0.230732519979
 156                     0.793672334015                    -0.228861124319
 157                     0.012981255417                    -0.222738517746
 158                    -0.768562055519                    -0.221017115121
 159                     0.245221518580                    -0.215575756353
 160                    -0.536045178865                    -0.212974760987
 161                     0.477760392041                    -0.207462044894
 162                    -0.303506305404                    -0.204861049530
 163                     0.710681079292                    -0.199761979851
 164                    -0.860543233741                    -0.196960143324
 165                    -0.071018277242                    -0.196692652769
 166                     0.161466719750                    -0.188753335840
 167                    -0.620076591185                    -0.187031933215
 168                     0.393706982913                    -0.181590574445
 169                    -0.387559714532                    -0.178989579080
 170                     0.626245856375                    -0.173476862987
 171                    -0.155071686370                    -0.170821182320
 172                     0.857721355883                    -0.168594787389
 173                    -0.941922476301                    -0.163617566196
 174                     0.077413310623                    -0.162881865391
 175                    -0.704130000313                    -0.161160462766
 176                     0.309653573786                    -0.155719103997
 177                    -0.471613123660                    -0.153118108632
 178                     0.943965815481                    -0.151384274388
 179                     0.542192447247                    -0.147605392539
 180                    -0.239125095497                    -0.144949711870
 181                     0.774730101160                    -0.139495642922
 182                    -0.006586222036                    -0.136836000414
 183                    -0.788183409441                    -0.135288992317
 184                     0.225898774955                    -0.128896683485
 185                    -0.555644535979                    -0.127175280860
 186                     0.458139038119                    -0.121733922090
 187                    -0.323178504625                    -0.119078241421
 188                     0.690677911581                    -0.113620210632
 189                    -0.090639631164                    -0.110964529965
 190                    -0.872357336201                    -0.109812363362
 191                     0.141845365828                    -0.103025213035
 192                    -0.639697945107                    -0.101303810411
 193                     0.374085628991                    -0.095862451642
 194                    -0.407231913753                    -0.093206770972
 195                     0.606624502453                    -0.087748740184
 196                    -0.174693040291                    -0.085093059515
 197                     0.839037786964                    -0.079505392750
 198                     0.057845833170                    -0.076979348059
 199                    -0.723751354235                    -0.075432339962
 200                    -0.953086939322                    -0.074926266575
 201                     0.290330830161                    -0.069040031129
 202                    -0.491263326073                    -0.067263943201
 203                     0.925832607737                    -0.065329086595
 204                     0.522571093325                    -0.061877269735
 205                    -0.258746449419                    -0.059221589066
 206                     0.754985597385                    -0.053629960460
 207                    -0.026207575958                    -0.051107877610
 208                    -0.807804763363                    -0.049560869514
 209                     0.206277421033                    -0.043168560680
 210                    -0.575316735200                    -0.041392472752
 211                     0.438517684197                    -0.036005799286
 212                    -0.342799858547                    -0.033350118617
 213                     0.670932188257                    -0.027758490012
 214                    -0.110260985086                    -0.025236407160
 215                     0.122277888375                    -0.017122695703
 216                    -0.659370144328                    -0.015521002303
 217                    -0.888688444742                    -0.015033508541
 218                     0.354762885367                    -0.009183378774
 219                    -0.426831270866                    -0.007407290846
 220                     0.586878779129                    -0.001887019563
 221                    -0.194314394214                     0.000635063289
 222                     0.819420473871                     0.006223654814
 223                     0.038224479247                     0.008748774746
 224                    -0.743423553456                     0.010350468146
 225                     0.270709476239                     0.016688091675
 226                     0.955870510843                     0.017327025981
 227                    -0.510884679995                     0.018464179603
 228                     0.502825370001                     0.023984450886
 229                    -0.278367803341                     0.026506533738
 230                     0.735364243463                     0.032098162344
 231                    -0.045828929880                     0.034620245195
 232                    -0.955075865623                     0.042646808014
 233                     0.186709943581                     0.042733956652
 234                    -0.594938089122                     0.044335650052
 235                     0.419070571171                     0.050806871398
 236                    -0.362399215661                     0.052449361509
 237                     0.651310834334                     0.057969632792
 238                    -0.843409473153                     0.060359616484
 239                    -0.129882339008                     0.060491715645
 240                     0.883167173795                     0.066809683056
 241                     0.102656534453                     0.068605427101
 242                    -0.678991498250                     0.070207120501
 243                     0.335017162043                     0.076678341848
 244                    -0.446452624788                     0.078320831958
 245                     0.567257425207                     0.083841103241
 246                    -0.213935748136                     0.086363186094
 247                     0.799113780588                     0.092681205230
 248                     0.018603125326                     0.094476897550
 249                    -0.763044907378                     0.096078590951
 250                     0.251017629385                     0.102724206824
 251                    -0.530506033917                     0.104192302407
 252                     0.483502626376                     0.110663523754
 253                    -0.297967160455                     0.112306013865
 254                     0.715060371460                     0.118552675679
 255                    -0.065450283802                     0.120348368000
 256                     0.947599229001                     0.126666335410
 257                     0.166964220257                     0.128595677273
 258                    -0.614559443044                     0.130063772856
 259                    -0.947115942820                     0.130230757446
 260                     0.399449217249                     0.136534994203
 261                    -0.382020569583                     0.138177484314
 262                     0.631006962332                     0.144424146128
 263                    -0.149503692930                     0.146219838449
 264                    -0.860705397756                     0.146586987785
 265                     0.863545835794                     0.152537857585
 266                     0.082910811129                     0.154467147723
 267                    -0.698612852172                     0.155935243305
 268                     0.315449684590                     0.162580859179
 269                    -0.466073978711                     0.164048954763
 270                     0.547252163503                     0.171246566641
 271                    -0.233535105250                     0.172162666220
 272                     0.779492426666                     0.178409328034
 273                    -0.001142597998                     0.180338618173
 274                    -0.781606512660                     0.185027525578
 275                     0.231396275463                     0.188452329629
 276                    -0.550127387839                     0.189920425212
 277                     0.463198754375                     0.197118037090
 278                    -0.317588514377                     0.198034136669
 279                     0.695439017539                     0.204280798483
 280                    -0.085196007126                     0.206210088622
 281                     0.931904966522                     0.213293334412
 282                     0.147342866335                     0.214323800078
 283                    -0.634180796967                     0.215791895661
 284                    -0.931141383427                     0.216712674755
 285                     0.379199221716                     0.223163902066
 286                    -0.401641923505                     0.223905607118
 287                     0.611684218708                     0.231103218996
 288                    -0.169227419446                     0.232152916392
 289                     0.843924481872                     0.238265980389
 290                     0.063289457207                     0.240195270528
 291                    -0.847354725978                     0.243435410446
 292                     0.295145812588                     0.249035372515
 293                    -0.485695332633                     0.249777077567
 294                    -0.728528725571                     0.255149256067
 295                     0.527630809581                     0.256974689445
 296                    -0.253280828574                     0.258024386842
 297                     0.759871072744                     0.264137450838
 298                    -0.020763951920                     0.266066740977
 299                     0.211092403461                     0.274906842965
 300                    -0.569748741761                     0.275648548016
 301                     0.443631276922                     0.283020554421
 302                    -0.337334237702                     0.283895857291
 303                     0.676116273915                     0.290959871350
 304                    -0.104795364240                     0.292009568747
 305                     0.908356500243                     0.298122672395
 306                     0.127038994333                     0.300778313415
 307                    -0.653802150888                     0.301520018465
 308                     0.359577867795                     0.308892024870
 309                    -0.421387646830                     0.309767327740
 310                    -0.904181598567                     0.310554819867
 311                     0.592062864787                     0.316831341800
 312                    -0.188848773368                     0.317881039197
 313                     0.824303091115                     0.323994142844
 314                    -0.817641048627                     0.326208630436
 315                     0.042985585206                     0.326649783864
 316                     0.275524458667                     0.334763495319
 317                    -0.505441055957                     0.335638798189
 318                     0.508063332129                     0.342877206775
 319                    -0.731323696459                     0.343049749280
 320                    -0.272902182496                     0.343752509646
 321                     0.740549548483                     0.350820485603
 322                    -0.041045827114                     0.352592611634
 323                     0.191471049540                     0.360634965769
 324                    -0.589494465085                     0.361510268639
 325                     0.424009923001                     0.368748677225
 326                    -0.356955591624                     0.369623980095
 327                     0.656494919993                     0.376687994154
 328                    -0.125099236242                     0.378464082083
 329                     0.107417640412                     0.386506436218
 330                     0.339956513873                     0.394620147674
 331                    -0.441009000752                     0.395495450544
 332                    -0.869639535117                     0.397134408344
 333                     0.868244846539                     0.400174394218
 334                     0.572495387335                     0.402733859130
 335                    -0.667016010656                     0.403039999453
 336                    -0.209152645370                     0.404335552532
 337                     0.023386228092                     0.412449263989
 338                    -0.783322182949                     0.413975527188
 339                     0.255903104746                     0.420491618124
 340                    -0.525062409879                     0.421366920994
 341                     0.488441978207                     0.428605329579
 342                    -0.293206054498                     0.430207022982
 343                     0.720924153776                     0.436547683457
 344                    -0.060667181036                     0.438320734438
 345                     0.171849695618                     0.446363088573
 346                     0.404388569079                     0.454476800029
 347                    -0.377259463625                     0.456078493431
 348                     0.805244338101                     0.461535982411
 349                     0.636924621118                     0.462593548433
 350                    -0.144720590164                     0.464192204887
 351                     0.087818283298                     0.472305916343
 352                    -0.719014497146                     0.473965777362
 353                     0.320335159952                     0.480348270479
 354                    -0.461312872753                     0.481949963880
 355                    -0.630283290636                     0.482946293630
 356                     0.553037911040                     0.489000525572
 357                    -0.228773999291                     0.490063675336
 358                    -0.818035295164                     0.494779663280
 359                     0.003764874170                     0.498177386793
 360                     0.236281750824                     0.506219740928
 361                    -0.545654095495                     0.506867161068
 362                     0.468820624285                     0.514333452383
 363                    -0.312827408419                     0.515935145786
 364                    -0.080288534957                     0.524048857242
 365                     0.698996319362                     0.524894534350
 366                     0.152250338504                     0.532162568698
 367                     0.384767215158                     0.540204922834
 368                    -0.396880817547                     0.541806616235
 369                     0.784140727599                     0.546911307846
 370                    -0.164341944085                     0.549920327691
 371                     0.615109609285                     0.551301511489
 372                    -0.682281777125                     0.553872071539
 373                     0.068196929376                     0.558034039147
 374                     0.300713806030                     0.566076393283
 375                    -0.769107543896                     0.567857592404
 376                    -0.248395353213                     0.575791798140
 377                     0.530592025412                     0.576932194958
 378                    -0.597652581984                     0.577792938977
 379                    -0.015856479751                     0.583905509597
 380                     0.216682393710                     0.592019221053
 381                    -0.508152284758                     0.598141409210
 382                     0.446538616285                     0.602803665409
 383                    -0.335023730503                     0.604386593682
 384                     0.722501438324                     0.609640141621
 385                    -0.099909888879                     0.609776980046
 386                     0.132628984583                     0.617890691502
 387                    -0.420129360185                     0.626622969814
 388                     0.362485207157                     0.628675135858
 389                    -0.183973993036                     0.635659964881
 390                    -0.713671489701                     0.636130225753
 391                     0.594922369874                     0.636898146552
 392                     0.048575575455                     0.643762161951
 393                     0.278453794837                     0.654617963628
 394                    -0.268042511127                     0.661514010869
 395                    -0.572405815766                     0.662036095166
 396                     0.510868960746                     0.662769617004
 397                    -0.035477833673                     0.669633632401
 398                     0.671036630310                     0.680954110136
 399                    -0.487140032446                     0.683578025536
 400                     0.426815551619                     0.688641087453
 401                     0.200574470019                     0.695472820563
 402                    -0.119531242801                     0.695505102850
 403                    -0.652196240750                     0.699019830106
 404                    -0.373030661826                     0.700892890926
 405                     0.113007630661                     0.703618814306
 406                     0.342784139299                     0.714583915223
 407                    -0.210398592980                     0.727933038789
 408                     0.028954221533                     0.729490284755
 409                     0.605622789976                     0.739736233796
 410                    -0.296741117527                     0.744644622318
 411                     0.518326511831                     0.750397771732
 412                     0.264904814481                     0.755438772157
 413                    -0.055461282265                     0.755753855798
 414                    -0.585202009783                     0.755994224234
 415                    -0.440041334087                     0.757847946648
 416                     0.407846683704                     0.774515941859
 417                    -0.140249565804                     0.780974744601
 418                     0.181007932888                     0.781813415817
 419                     0.093386276740                     0.789346937110
 420                    -0.363751789788                     0.801599678041
 421                    -0.513255711990                     0.806571282305
 422                     0.329714903401                     0.814885899450
 423                     0.009332867612                     0.815218407559
 424                     0.477453306651                     0.828267468453
 425                    -0.280921928528                     0.831155094682
 426                     0.246733350893                     0.844012700037
 427                    -0.436966167690                     0.850323013697
 428                    -0.195435839486                     0.851805449391
 429                    -0.108189434845                     0.862867702614
 430                     0.162034950781                     0.867687361337
 431                     0.399321526348                     0.868637426044
 432                     0.074413294633                     0.875220882630
 433                    -0.350225887991                     0.889538998935
 434                    -0.026530275693                     0.895518740818
 435                     0.315131934209                     0.902417295862
 436                    -0.266990385633                     0.917989538780
 437                     0.224887008949                     0.929200996844
 438                    -0.181504296591                     0.938639893488
 439                     0.125619210682                     0.947738610186
 440                    -0.094482291078                     0.951347337202
 441                     0.037997554534                     0.955272131478
