   1                    -0.031004010872                    -0.953725285849
   2                     0.061779784831                    -0.952974662309
   3                    -0.121577548796                    -0.947204491356
   4                     0.151266351258                    -0.942918840513
   5                    -0.210254769759                    -0.931541937118
   6                     0.294504048248                    -0.908429862115
   7                    -0.328782874232                    -0.896593146543
   8                     0.378760265592                    -0.876651646907
   9                     0.210761322767                    -0.875322143197
  10                     0.017454304507                    -0.874589606865
  11                    -0.072548224741                    -0.871672441830
  12                     0.106940870934                    -0.864533785069
  13                    -0.411771787272                    -0.861638812974
  14                    -0.161015127446                    -0.854862556386
  15                    -0.250991759252                    -0.851233389566
  16                     0.514854933350                    -0.804302086545
  17                     0.424941657748                    -0.799345475475
  18                     0.334901853341                    -0.798004302402
  19                    -0.024391060736                    -0.794852974565
  20                    -0.469367388213                    -0.792416620903
  21                     0.245048769303                    -0.792055486407
  22                     0.155072137497                    -0.788426319588
  23                     0.065095505691                    -0.784797152768
  24                    -0.112979314964                    -0.778694808342
  25                    -0.557750590039                    -0.775172063562
  26                    -0.202955946769                    -0.775065641522
  27                    -0.292937057765                    -0.771549281643
  28                    -0.382887196768                    -0.767313999319
  29                     0.588323656865                    -0.752231828355
  30                     0.474156896138                    -0.723926174706
  31                     0.383156667671                    -0.719577187746
  32                     0.293180035866                    -0.715948020927
  33                     0.203203404060                    -0.712318854107
  34                     0.113226772255                    -0.708689687288
  35                     0.023250140449                    -0.705060520468
  36                    -0.066726491357                    -0.701431353648
  37                    -0.604965893039                    -0.698492990241
  38                    -0.156703123162                    -0.697802186828
  39                    -0.246684234158                    -0.694285826949
  40                    -0.336634373160                    -0.690050544625
  41                    -0.426672899513                    -0.688626151731
  42                    -0.516467398146                    -0.681850228315
  43                     0.607738046340                    -0.664299771605
  44                    -0.687600421325                    -0.662708917557
  45                     0.697046206913                    -0.652766446935
  46                     0.519557766707                    -0.646045911557
  47                     0.429581134901                    -0.642416744738
  48                     0.339604503096                    -0.638787577918
  49                     0.249627871290                    -0.635158411098
  50                     0.159651239484                    -0.631529244279
  51                     0.069674607679                    -0.627900077459
  52                    -0.020302024127                    -0.624270910640
  53                    -0.110278655932                    -0.620641743820
  54                    -0.200257679112                    -0.617072358646
  55                    -0.290210288435                    -0.612889871479
  56                    -0.380245433915                    -0.611265771332
  57                    -0.470054295241                    -0.604682948970
  58                    -0.564368349142                    -0.603922055162
  59                     0.755431713354                    -0.584209187942
  60                    -0.674436444244                    -0.573626512839
  61                    -0.764476789970                    -0.572322187595
  62                     0.657924401254                    -0.571658805835
  63                     0.567799978150                    -0.570007336795
  64                     0.477712401464                    -0.566309279257
  65                     0.387735769659                    -0.562680112437
  66                     0.297759137853                    -0.559050945618
  67                     0.207782506048                    -0.555421778798
  68                     0.117805874242                    -0.551792611978
  69                     0.027829242436                    -0.548163445159
  70                    -0.062147389369                    -0.544534278339
  71                    -0.152124021175                    -0.540905111519
  72                    -0.242079379855                    -0.536782179607
  73                    -0.332056028730                    -0.533153436005
  74                    -0.421987302529                    -0.528534873915
  75                    -0.511966966332                    -0.524981674671
  76                    -0.601893613366                    -0.520273885808
  77                     0.807675831757                    -0.507275581410
  78                     0.716309907694                    -0.503101546842
  79                    -0.815046788586                    -0.497650644109
  80                    -0.718327038310                    -0.494997123453
  81                     0.614292145283                    -0.492885768812
  82                     0.524315513478                    -0.489256601993
  83                     0.434338881672                    -0.485627435173
  84                     0.344362249867                    -0.481998268354
  85                     0.254385618061                    -0.478369101534
  86                     0.164408986255                    -0.474739934714
  87                     0.074432354449                    -0.471110767895
  88                    -0.015544277356                    -0.467481601075
  89                    -0.105520909162                    -0.463852434255
  90                    -0.195476267842                    -0.459729502342
  91                    -0.285452899665                    -0.456100335863
  92                    -0.375384195040                    -0.451482193915
  93                    -0.465751328781                    -0.447616480433
  94                    -0.555709098783                    -0.442969579747
  95                    -0.645850566881                    -0.441277916555
  96                     0.854096441848                    -0.427196344600
  97                     0.764047771954                    -0.426746707842
  98                     0.672677651724                    -0.424328509819
  99                    -0.858306873816                    -0.418648708976
 100                    -0.758115492577                    -0.414214427100
 101                     0.572446780041                    -0.413149136512
 102                     0.482470148235                    -0.409519969692
 103                     0.392493516430                    -0.405890802873
 104                     0.302516884624                    -0.402261636053
 105                     0.212540252818                    -0.398632469234
 106                     0.122563621013                    -0.395003302414
 107                     0.032586989207                    -0.391374135594
 108                    -0.057389642598                    -0.387744968774
 109                    -0.147345001279                    -0.383622036862
 110                    -0.237321633085                    -0.379992870042
 111                    -0.327252928477                    -0.375374728434
 112                    -0.417229560283                    -0.371745561614
 113                    -0.507160855669                    -0.367127419879
 114                    -0.597116214349                    -0.363004487967
 115                    -0.687071573030                    -0.358881556054
 116                     0.890537155267                    -0.344849277085
 117                     0.800488485373                    -0.344399640326
 118                     0.710456940334                    -0.342586901840
 119                    -0.811456695808                    -0.341663195817
 120                     0.620578046604                    -0.337041671031
 121                     0.530601414798                    -0.333412504212
 122                     0.440624782993                    -0.329783337392
 123                     0.350648151187                    -0.326154170572
 124                     0.260671519382                    -0.322525003753
 125                    -0.899224088092                    -0.321517477303
 126                     0.170694887576                    -0.318895836933
 127                     0.080718255770                    -0.315266670113
 128                    -0.009258376035                    -0.311637503293
 129                    -0.099213734716                    -0.307514571381
 130                    -0.189190366521                    -0.303885404561
 131                    -0.279121661914                    -0.299267262953
 132                    -0.369098293719                    -0.295638096133
 133                    -0.459029589105                    -0.291019954398
 134                    -0.548984947786                    -0.286897022486
 135                    -0.740797415219                    -0.285744508579
 136                    -0.638940306466                    -0.282774090574
 137                     0.758682729517                    -0.264642233773
 138                     0.668709313167                    -0.260934205550
 139                     0.862558227436                    -0.259256375975
 140                     0.578732681361                    -0.257305038731
 141                    -0.837893687939                    -0.255581545217
 142                     0.488756049556                    -0.253675871911
 143                     0.398779417750                    -0.250046705092
 144                     0.308802785945                    -0.246417538272
 145                     0.218826154139                    -0.242788371452
 146                     0.128849522334                    -0.239159204632
 147                     0.038872890528                    -0.235530037813
 148                    -0.925583567110                    -0.235101061486
 149                    -0.051082468152                    -0.231407105900
 150                    -0.141059099958                    -0.227777939080
 151                    -0.230990395351                    -0.223159797472
 152                    -0.320967027156                    -0.219530630653
 153                    -0.410898322542                    -0.214912488918
 154                    -0.500853681222                    -0.210789557006
 155                    -0.590809039903                    -0.206666625093
 156                     0.933090393554                    -0.203272640250
 157                    -0.680785671708                    -0.203037458273
 158                    -0.770544661358                    -0.195806351856
 159                     0.806813996080                    -0.188534768292
 160                     0.716840579730                    -0.184826740070
 161                     0.626863947925                    -0.181197573250
 162                     0.536887316119                    -0.177568406430
 163                     0.446910684313                    -0.173939239611
 164                     0.356934052508                    -0.170310072791
 165                    -0.855795952765                    -0.166803206575
 166                     0.266957420702                    -0.166680905972
 167                     0.176980788896                    -0.163051739151
 168                     0.087004157091                    -0.159422572332
 169                    -0.002951201590                    -0.155299640419
 170                    -0.092927833395                    -0.151670473599
 171                    -0.182859128788                    -0.147052331991
 172                    -0.943612897569                    -0.146874600795
 173                    -0.272835760593                    -0.143423165171
 174                    -0.362767055979                    -0.138805023437
 175                    -0.452722414660                    -0.134682091525
 176                    -0.542677773340                    -0.130559159612
 177                    -0.635072179006                    -0.125361010652
 178                    -0.724865184161                    -0.118202547272
 179                     0.948088412874                    -0.114480610544
 180                     0.858038620655                    -0.114473962463
 181                     0.765036492121                    -0.108760147302
 182                     0.674995214488                    -0.105090107769
 183                     0.585018582682                    -0.101460940949
 184                     0.495041950877                    -0.097831774130
 185                     0.405065319071                    -0.094202607310
 186                     0.315088687265                    -0.090573440491
 187                     0.225112055460                    -0.086944273671
 188                     0.135135423654                    -0.083315106851
 189                     0.045180064974                    -0.079192174938
 190                    -0.848058054981                    -0.077086485387
 191                    -0.044796566832                    -0.075563008118
 192                    -0.134727862225                    -0.070944866511
 193                    -0.224704494030                    -0.067315699691
 194                    -0.314635789416                    -0.062697557956
 195                    -0.404591148097                    -0.058574626044
 196                    -0.953251972231                    -0.057342185645
 197                    -0.494546506777                    -0.054451694131
 198                    -0.584523138583                    -0.050822527311
 199                    -0.674290522262                    -0.043696381777
 200                    -0.766710549403                    -0.038465914971
 201                     0.903069274172                    -0.036491878836
 202                     0.813103112856                    -0.032611809108
 203                     0.723126481051                    -0.028982642289
 204                     0.633149849245                    -0.025353475469
 205                     0.543173217440                    -0.021724308649
 206                     0.453196585634                    -0.018095141830
 207                     0.363219953828                    -0.014465975010
 208                     0.273243322023                    -0.010836808190
 209                     0.183266690217                    -0.007207641370
 210                     0.093311331537                    -0.003084709458
 211                     0.003334699731                     0.000544457362
 212                    -0.887294956088                     0.003965539353
 213                    -0.086596595661                     0.005162598970
 214                    -0.176573227467                     0.008791765790
 215                    -0.266504522853                     0.013409907525
 216                    -0.356459881533                     0.017532839437
 217                    -0.446415240214                     0.021655771349
 218                    -0.536391872019                     0.025284938169
 219                    -0.626159255699                     0.032411083703
 220                    -0.716135887504                     0.036040250523
 221                     0.954234207833                     0.037610177048
 222                    -0.805947450511                     0.042586109768
 223                     0.864270385925                     0.045007983427
 224                     0.771257747614                     0.047124823192
 225                     0.681281115809                     0.050753990012
 226                     0.591304484003                     0.054383156832
 227                     0.501327852197                     0.058012323651
 228                     0.411351220391                     0.061641490471
 229                     0.321374588586                     0.065270657291
 230                    -0.952701349759                     0.065860359733
 231                     0.231397956780                     0.068899824111
 232                     0.141442598100                     0.073022756023
 233                     0.051465966294                     0.076651922843
 234                    -0.038465329098                     0.081270064451
 235                    -0.128441960904                     0.084899231271
 236                    -0.218373256290                     0.089517373006
 237                    -0.308328614971                     0.093640304918
 238                    -0.398283973651                     0.097763236830
 239                    -0.488677581862                     0.101657709111
 240                    -0.578445207534                     0.108780807617
 241                    -0.863304607211                     0.112006003878
 242                    -0.669645810132                     0.113193064084
 243                    -0.765323485849                     0.122951889911
 244                     0.819389014177                     0.123232288673
 245                     0.729412382371                     0.126861455493
 246                     0.946449335497                     0.127322834380
 247                     0.639435750566                     0.130490622312
 248                     0.549459118760                     0.134119789132
 249                     0.459482486954                     0.137748955952
 250                     0.369505855149                     0.141378122772
 251                     0.279529223343                     0.145007289592
 252                     0.189573864663                     0.149130221504
 253                     0.099597232857                     0.152759388324
 254                    -0.942262391378                     0.155303041216
 255                     0.009665937465                     0.157377529932
 256                    -0.080310694341                     0.161006696752
 257                    -0.170241989727                     0.165624838486
 258                    -0.260197348407                     0.169747770399
 259                    -0.350152707088                     0.173870702311
 260                    -0.440129338893                     0.177499869131
 261                    -0.529896964420                     0.184622967485
 262                    -0.619852323101                     0.188745899396
 263                     0.880866717078                     0.189030899365
 264                    -0.822680642548                     0.192371784021
 265                    -0.709759323526                     0.193815060800
 266                     0.777735735463                     0.203094471542
 267                     0.687567017129                     0.206598087793
 268                     0.597590385323                     0.210227254613
 269                     0.507613753518                     0.213856421433
 270                     0.417637121712                     0.217485588253
 271                     0.327660489906                     0.221114755073
 272                     0.237705131226                     0.225237686985
 273                     0.147728499420                     0.228866853805
 274                     0.057797204028                     0.233484995413
 275                    -0.032179427778                     0.237114162233
 276                    -0.122110723164                     0.241732303967
 277                    -0.923445185401                     0.243364825675
 278                    -0.212066081844                     0.245855235880
 279                    -0.302021440525                     0.249978167792
 280                    -0.391998072330                     0.253607334612
 281                    -0.481765697857                     0.260730432965
 282                    -0.571721056538                     0.264853364877
 283                    -0.661628056963                     0.269922526280
 284                     0.915356183407                     0.272214081771
 285                    -0.751604688769                     0.273551693100
 286                     0.825665946864                     0.280253148363
 287                    -0.841389354801                     0.280456681755
 288                     0.735650384632                     0.282735824117
 289                     0.645673752826                     0.286364990936
 290                     0.555697121021                     0.289994157756
 291                     0.465720489215                     0.293623324576
 292                     0.375743857410                     0.297252491396
 293                     0.285788498729                     0.301375423308
 294                     0.195811866924                     0.305004590128
 295                     0.105880571531                     0.309622731736
 296                     0.015903939726                     0.313251898556
 297                    -0.074027355660                     0.317870040291
 298                    -0.163982714341                     0.321992972203
 299                    -0.253938073021                     0.326115904115
 300                    -0.343914704827                     0.329745070935
 301                    -0.433682330354                     0.336868169289
 302                    -0.523637689034                     0.340991101200
 303                    -0.613544689460                     0.346060262604
 304                    -0.703521321266                     0.349689429423
 305                    -0.793305987298                     0.356594418078
 306                     0.885646679737                     0.357221790331
 307                    -0.884779992161                     0.359363067506
 308                     0.795956443194                     0.365260856923
 309                     0.603828387584                     0.366101623236
 310                     0.705940880962                     0.367743532676
 311                     0.513851755779                     0.369730790056
 312                     0.423875123973                     0.373359956876
 313                     0.333919765293                     0.377482888789
 314                     0.243943133487                     0.381112055609
 315                     0.154011838095                     0.385730197216
 316                     0.064035206289                     0.389359364037
 317                    -0.025896089097                     0.393977505771
 318                    -0.115851447777                     0.398100437683
 319                    -0.205806806458                     0.402223369596
 320                    -0.295783438263                     0.405852536416
 321                    -0.385551063790                     0.412975634769
 322                    -0.475506422471                     0.417098566681
 323                    -0.565413422896                     0.422167728084
 324                    -0.667188178614                     0.432084015823
 325                    -0.756972844646                     0.438989004477
 326                     0.847206603912                     0.440203444437
 327                     0.653692138775                     0.441085431089
 328                    -0.846997811810                     0.441103338920
 329                     0.753678269371                     0.444768851119
 330                     0.562426852351                     0.446069604349
 331                     0.472450220545                     0.449698771169
 332                     0.382473588739                     0.453327937989
 333                     0.292518230059                     0.457450869901
 334                     0.202562844450                     0.461573214244
 335                     0.112607512698                     0.465696733726
 336                     0.022652154018                     0.469819665638
 337                    -0.067303204663                     0.473942597551
 338                    -0.157258563343                     0.478065529463
 339                    -0.247213922024                     0.482188461376
 340                    -0.337018615331                     0.488827902826
 341                    -0.426973974012                     0.492950834738
 342                    -0.516880974438                     0.498019996142
 343                    -0.609112346514                     0.500903801123
 344                    -0.707665810696                     0.514340059718
 345                     0.700928730327                     0.517751391863
 346                    -0.799721580713                     0.520450556414
 347                     0.610975095465                     0.521911764216
 348                     0.799491508387                     0.522293764880
 349                     0.521019736785                     0.526034696129
 350                     0.431043104979                     0.529663862949
 351                     0.341066473174                     0.533293029769
 352                     0.251111114493                     0.537415961681
 353                     0.161155755813                     0.541538893594
 354                     0.071200397132                     0.545661825506
 355                    -0.018754961548                     0.549784757418
 356                    -0.108710320229                     0.553907689331
 357                    -0.198665678909                     0.558030621244
 358                    -0.288470372217                     0.564670062694
 359                    -0.378425730898                     0.568792994606
 360                    -0.468332731323                     0.573862156009
 361                    -0.558288090004                     0.577985087921
 362                    -0.648248124641                     0.582004701199
 363                     0.746741969343                     0.595276305625
 364                    -0.746492150721                     0.595589554751
 365                     0.569567979899                     0.601876855996
 366                     0.479612621219                     0.605999787909
 367                     0.389635989413                     0.609628954729
 368                     0.299659357608                     0.613258121549
 369                     0.658744105113                     0.614390201458
 370                     0.209703998927                     0.617381053461
 371                     0.119748640247                     0.621503985374
 372                     0.029793281566                     0.625626917286
 373                    -0.060162077114                     0.629749849199
 374                    -0.150117435795                     0.633872781111
 375                    -0.239922129102                     0.640512222561
 376                    -0.329877487783                     0.644635154474
 377                    -0.419784488209                     0.649704315877
 378                    -0.509739846890                     0.653827247789
 379                    -0.687074464666                     0.663254196233
 380                    -0.597611147329                     0.673514799234
 381                     0.530232746815                     0.683088343651
 382                     0.438205505653                     0.685964879689
 383                     0.348228873847                     0.689594046509
 384                     0.258252242042                     0.693223213329
 385                     0.168296883361                     0.697346145241
 386                     0.078341524681                     0.701469077154
 387                     0.645800519285                     0.703504895582
 388                    -0.011613834000                     0.705592009066
 389                    -0.101569192680                     0.709714940979
 390                    -0.191373885988                     0.716354382429
 391                    -0.281329244669                     0.720477314341
 392                    -0.371236245094                     0.725546475745
 393                    -0.463324864624                     0.730993396742
 394                    -0.576777045593                     0.761121336249
 395                     0.576665881939                     0.761205563185
 396                     0.486618715797                     0.761893307872
 397                     0.396871066524                     0.769263828394
 398                     0.306821758281                     0.769559138289
 399                     0.216845126476                     0.773188305109
 400                     0.126889767795                     0.777311237022
 401                    -0.051096688530                     0.786524507613
 402                    -0.142825642874                     0.792196542297
 403                     0.038566478228                     0.794860072964
 404                    -0.232781001554                     0.796319474209
 405                    -0.322719541910                     0.802221779014
 406                    -0.412713978976                     0.805474960748
 407                    -0.502522348343                     0.812064491424
 408                     0.448127949171                     0.843302312334
 409                     0.175768543533                     0.853323687161
 410                     0.280514655232                     0.855680572625
 411                    -0.092181646206                     0.866655596309
 412                     0.087378429500                     0.870532779642
 413                    -0.002546022765                     0.875282306759
 414                    -0.197347570570                     0.879104962621
 415                     0.366704528851                     0.881762574244
 416                    -0.365604647242                     0.882219185198
 417                    -0.280882507724                     0.912733512955
 418                     0.226493964707                     0.927727294396
 419                     0.138103850673                     0.944936386878
 420                    -0.136202054890                     0.945212383044
 421                     0.045236735825                     0.951782543321
 422                    -0.046566431449                     0.953839093495
