   1                    -0.000261191338                    -0.955195716740
   2                    -0.089410116563                    -0.951194450804
   3                     0.090068142833                    -0.951148314458
   4                     0.178375111620                    -0.938604126352
   5                    -0.187220621897                    -0.936879834977
   6                    -0.273773615009                    -0.915337857938
   7                     0.291249655902                    -0.909928032532
   8                    -0.373899567940                    -0.879201057520
   9                     0.374835922014                    -0.878802263321
  10                     0.042455487444                    -0.875726086711
  11                    -0.127706355468                    -0.870445435131
  12                     0.218176339692                    -0.858783454622
  13                     0.129085889099                    -0.854497546947
  14                    -0.041799078687                    -0.846457580130
  15                     0.455155301870                    -0.840017284126
  16                    -0.458576274670                    -0.838154631771
  17                    -0.210686389666                    -0.837737770647
  18                    -0.299538958139                    -0.829946848547
  19                     0.303336946441                    -0.821557365459
  20                     0.531507771103                    -0.793911125824
  21                    -0.534740134247                    -0.791737567174
  22                    -0.383185451330                    -0.790492265616
  23                     0.048769249092                    -0.785356011875
  24                     0.384788070341                    -0.785209163208
  25                    -0.127347621987                    -0.777111533767
  26                     0.230263630230                    -0.770412787549
  27                     0.141059093871                    -0.766111350293
  28                    -0.037114413969                    -0.757387207345
  29                    -0.215287921808                    -0.748663064397
  30                    -0.459349310907                    -0.744075201019
  31                    -0.308824841530                    -0.741238056642
  32                    -0.606243460794                    -0.738420105830
  33                     0.459856629369                    -0.736257605802
  34                     0.638334565613                    -0.710861708628
  35                     0.549247811693                    -0.706499637155
  36                     0.283670723189                    -0.698664547819
  37                     0.373048692265                    -0.696791606163
  38                     0.189380135540                    -0.691140993994
  39                     0.100293381620                    -0.686778922521
  40                     0.011206627701                    -0.682416851047
  41                    -0.077880126219                    -0.678054779573
  42                    -0.528774998394                    -0.675011266220
  43                    -0.166966880139                    -0.673692708099
  44                    -0.256053634058                    -0.669330636625
  45                    -0.350189062239                    -0.662216043022
  46                    -0.439240153898                    -0.657178140103
  47                    -0.615423021408                    -0.649700248648
  48                    -0.704509775327                    -0.645338177174
  49                     0.688494873528                    -0.637109278829
  50                     0.599543241773                    -0.630545392812
  51                     0.510456487854                    -0.626183321339
  52                     0.421369733934                    -0.621821249865
  53                     0.326787931129                    -0.620532709170
  54                     0.237701177209                    -0.616170637696
  55                     0.148614423290                    -0.611808566222
  56                     0.059527669370                    -0.607446494749
  57                    -0.029559084550                    -0.603084423275
  58                    -0.118645838469                    -0.598722351801
  59                    -0.207732592389                    -0.594360280327
  60                    -0.297414160247                    -0.590303273637
  61                    -0.390351656158                    -0.582576583951
  62                     0.758143004933                    -0.581390205045
  63                    -0.480005866148                    -0.577845712331
  64                    -0.761620792607                    -0.576826797851
  65                    -0.569092620068                    -0.573483640857
  66                    -0.658179373987                    -0.569121569383
  67                     0.648597517941                    -0.556052739610
  68                     0.558777529523                    -0.551212965040
  69                     0.469690775603                    -0.546850893567
  70                     0.375108972798                    -0.545562352872
  71                     0.286022218879                    -0.541200281398
  72                     0.196935464959                    -0.536838209924
  73                     0.107848711039                    -0.532476138450
  74                     0.018761957119                    -0.528114066977
  75                    -0.070324796800                    -0.523751995503
  76                    -0.159411550720                    -0.519389924029
  77                    -0.248498304639                    -0.515027852555
  78                    -0.337585058559                    -0.510665781082
  79                     0.810882022164                    -0.505053787539
  80                    -0.812093896192                    -0.503288078756
  81                    -0.431117368409                    -0.503244156179
  82                     0.718974509063                    -0.501257151173
  83                    -0.715290391267                    -0.500610190060
  84                    -0.520771578399                    -0.498513284559
  85                    -0.609858332318                    -0.494151213085
  86                     0.607831805690                    -0.476720311838
  87                     0.518011817272                    -0.471880537268
  88                     0.423430014468                    -0.470591996573
  89                     0.334343260548                    -0.466229925099
  90                     0.245256506628                    -0.461867853626
  91                     0.156169752709                    -0.457505782152
  92                     0.067082998789                    -0.453143710678
  93                    -0.022003755131                    -0.448781639205
  94                    -0.111090509050                    -0.444419567731
  95                    -0.200177262970                    -0.440057496257
  96                    -0.289264016890                    -0.435695424783
  97                    -0.378350770809                    -0.431333353310
  98                    -0.765763494852                    -0.427071470965
  99                     0.767363113248                    -0.426330384417
 100                    -0.666969349598                    -0.425639833761
 101                    -0.471883080659                    -0.423911728407
 102                     0.856505533472                    -0.423312718427
 103                    -0.856524621204                    -0.422977287064
 104                     0.678208796812                    -0.421924723401
 105                    -0.561537290649                    -0.419180856786
 106                     0.567066093440                    -0.397387884066
 107                     0.471751056137                    -0.395621640275
 108                     0.382664302217                    -0.391259568801
 109                     0.293577548297                    -0.386897497327
 110                     0.204490794378                    -0.382535425854
 111                     0.115404040458                    -0.378173354380
 112                     0.026317286538                    -0.373811282906
 113                    -0.062769467381                    -0.369449211433
 114                    -0.151856221301                    -0.365087139959
 115                    -0.240942975221                    -0.360725068485
 116                    -0.330029729140                    -0.356362997011
 117                    -0.717442453182                    -0.352101114667
 118                    -0.419116483060                    -0.352000925538
 119                    -0.618648307929                    -0.350669477463
 120                    -0.806747891840                    -0.347851797935
 121                     0.809320947952                    -0.347621950953
 122                    -0.512648792910                    -0.344579300635
 123                     0.720234553923                    -0.343252535617
 124                     0.631371718854                    -0.335579600385
 125                    -0.894935405061                    -0.334493657965
 126                     0.896701466903                    -0.329729989088
 127                     0.520805332305                    -0.321128987073
 128                     0.430985343886                    -0.316289212503
 129                     0.341898589967                    -0.311927141029
 130                     0.252811836047                    -0.307565069556
 131                     0.163725082127                    -0.303202998082
 132                     0.074638328208                    -0.298840926608
 133                    -0.014448425712                    -0.294478855134
 134                    -0.103535179632                    -0.290116783661
 135                    -0.192621933551                    -0.285754712187
 136                    -0.281708687471                    -0.281392640713
 137                    -0.370795441391                    -0.277030569239
 138                    -0.569759810189                    -0.276067921311
 139                    -0.459882195310                    -0.272668497766
 140                    -0.661044138440                    -0.272196100152
 141                    -0.750185073167                    -0.269134867144
 142                    -0.839273159889                    -0.264800101205
 143                     0.836162356991                    -0.262563052816
 144                     0.747075962962                    -0.258193637480
 145                     0.658213127893                    -0.250520702248
 146                     0.569126373974                    -0.246158630774
 147                     0.923542875942                    -0.244671090951
 148                     0.480039620054                    -0.241796559301
 149                    -0.924853301024                    -0.239670102504
 150                     0.390219631636                    -0.236956784731
 151                     0.301132877716                    -0.232594713257
 152                     0.212046123796                    -0.228232641783
 153                     0.122959369877                    -0.223870570310
 154                     0.033872615957                    -0.219508498836
 155                    -0.055214137962                    -0.215146427362
 156                    -0.144300891882                    -0.210784355889
 157                    -0.233387645802                    -0.206422284415
 158                    -0.322474399722                    -0.202060212941
 159                    -0.411561153641                    -0.197698141467
 160                    -0.501190257173                    -0.193617113106
 161                    -0.590277567955                    -0.189266429344
 162                    -0.679364321875                    -0.184904357871
 163                     0.795397004631                    -0.183223281181
 164                    -0.768505256601                    -0.181843124863
 165                    -0.857593343323                    -0.177508358924
 166                     0.706534169563                    -0.175550345950
 167                     0.617447415643                    -0.171188274476
 168                     0.528360661723                    -0.166826203002
 169                     0.882778849666                    -0.165337796848
 170                     0.439273907804                    -0.162464131528
 171                     0.349453919385                    -0.157624356959
 172                     0.260367165466                    -0.153262285485
 173                    -0.943173484459                    -0.152378360223
 174                     0.171280411546                    -0.148900214011
 175                     0.082193657626                    -0.144538142538
 176                    -0.006893096293                    -0.140176071064
 177                    -0.095979850213                    -0.135813999590
 178                    -0.185066604133                    -0.131451928116
 179                    -0.274153358052                    -0.127089856643
 180                    -0.363240111972                    -0.122727785169
 181                    -0.452869215504                    -0.118646756808
 182                    -0.541955969424                    -0.114284685334
 183                    -0.631043280206                    -0.109934001572
 184                     0.949489868472                    -0.106133765217
 185                    -0.720130034125                    -0.105571930099
 186                    -0.809270968852                    -0.102510697092
 187                     0.763557437791                    -0.096450980140
 188                     0.665768457312                    -0.096217918178
 189                     0.576681703392                    -0.091855846704
 190                     0.487594949473                    -0.087493775230
 191                     0.398508195553                    -0.083131703757
 192                     0.308688207135                    -0.078291929187
 193                     0.864862163670                    -0.077962344034
 194                    -0.894858061227                    -0.077404382941
 195                     0.219601453215                    -0.073929857713
 196                     0.130514699296                    -0.069567786239
 197                     0.041427945376                    -0.065205714766
 198                    -0.047658808544                    -0.060843643292
 199                    -0.136745562464                    -0.056481571818
 200                    -0.225832316383                    -0.052119500345
 201                    -0.314919070303                    -0.047757428871
 202                    -0.404548173835                    -0.043676400510
 203                    -0.493634927755                    -0.039314329036
 204                    -0.582721681675                    -0.034952257562
 205                    -0.671808992456                    -0.030601573800
 206                     0.714089498981                    -0.021247561880
 207                    -0.769434196605                    -0.020911430829
 208                     0.955249742728                    -0.017126455180
 209                     0.625002745062                    -0.016885490406
 210                     0.802966525494                    -0.013740794954
 211                     0.535915991142                    -0.012523418932
 212                    -0.955329886146                    -0.011840400584
 213                     0.446829237222                    -0.008161347458
 214                     0.357742483303                    -0.003799275984
 215                     0.267922494885                     0.001040498585
 216                     0.178835740965                     0.005402570059
 217                    -0.868313899393                     0.007747744830
 218                     0.089748987045                     0.009764641533
 219                     0.000662233125                     0.014126713006
 220                    -0.088424520794                     0.018488784480
 221                    -0.177511274714                     0.022850855954
 222                    -0.266598028634                     0.027212927427
 223                     0.880139979018                     0.030977606881
 224                    -0.356227132166                     0.031293955789
 225                    -0.445313886086                     0.035656027263
 226                    -0.534400640006                     0.040018098736
 227                    -0.623487393925                     0.044380170210
 228                    -0.712574704707                     0.048730853972
 229                     0.673323786731                     0.058084865892
 230                     0.584237032811                     0.062446937366
 231                    -0.800207826092                     0.065341495976
 232                     0.495150278892                     0.066809008840
 233                     0.406063524972                     0.071171080314
 234                     0.790963212763                     0.074641317914
 235                     0.316976771052                     0.075533151787
 236                    -0.952270970665                     0.077300613700
 237                     0.227156782634                     0.080372926357
 238                     0.951681911340                     0.084243255391
 239                     0.138070028714                     0.084734997831
 240                     0.048983274795                     0.089097069305
 241                    -0.040103479125                     0.093459140778
 242                    -0.129190233045                     0.097821212252
 243                    -0.218276986965                     0.102183283726
 244                    -0.307906090497                     0.106264312087
 245                    -0.396992844417                     0.110626383561
 246                    -0.486079598336                     0.114988455034
 247                    -0.872613348913                     0.117427172091
 248                    -0.575166352256                     0.119350526508
 249                     0.868136666287                     0.119359719749
 250                    -0.664263246654                     0.123707386382
 251                     0.722870519108                     0.132250887104
 252                     0.632558074481                     0.137417293664
 253                     0.543471320561                     0.141779365138
 254                     0.454384566641                     0.146141436612
 255                     0.365297812722                     0.150503508086
 256                    -0.779593325376                     0.152120063328
 257                     0.276211058802                     0.154865579560
 258                     0.186391070384                     0.159705354129
 259                     0.097304316464                     0.164067425603
 260                     0.008217562544                     0.168429497077
 261                     0.939678598609                     0.172625368259
 262                    -0.080869191376                     0.172791568550
 263                    -0.169955945295                     0.177153640024
 264                    -0.938829719864                     0.177183925764
 265                    -0.259585048828                     0.181234668385
 266                    -0.348671802748                     0.185596739859
 267                    -0.437758556667                     0.189958811333
 268                    -0.526845310587                     0.194320882806
 269                    -0.615942204985                     0.198677742681
 270                    -0.706009932411                     0.202528015788
 271                    -0.851998848198                     0.204205739444
 272                     0.769964517887                     0.207998049892
 273                     0.859111035924                     0.210892132357
 274                     0.680879116150                     0.212387649963
 275                     0.591792362230                     0.216749721436
 276                     0.502705608311                     0.221111792910
 277                     0.413618854391                     0.225473864384
 278                     0.324532100471                     0.229835935858
 279                     0.235445346552                     0.234198007331
 280                     0.145625358133                     0.239037781901
 281                     0.056538604213                     0.243399853375
 282                    -0.032548149706                     0.247761924848
 283                    -0.121634903626                     0.252123996322
 284                    -0.211264007159                     0.256205024683
 285                    -0.300350761079                     0.260567096157
 286                    -0.918215219149                     0.263962493117
 287                    -0.389437514998                     0.264929167631
 288                    -0.478524268918                     0.269291239105
 289                    -0.567621163316                     0.273648098979
 290                    -0.656707917236                     0.278010170453
 291                     0.912801129327                     0.282116083820
 292                    -0.745795439350                     0.282356524662
 293                     0.729200157819                     0.287358006261
 294                     0.818347528857                     0.290225693244
 295                     0.640113403900                     0.291720077735
 296                    -0.834227306544                     0.293987614727
 297                     0.551026649980                     0.296082149208
 298                     0.461939896060                     0.300444220682
 299                     0.372853142141                     0.304806292156
 300                     0.283766388221                     0.309168363630
 301                     0.194679634301                     0.313530435103
 302                     0.104859645883                     0.318370209673
 303                     0.015772891963                     0.322732281147
 304                    -0.073313861957                     0.327094352621
 305                    -0.162942965489                     0.331175380982
 306                    -0.252029719409                     0.335537452456
 307                    -0.341116473329                     0.339899523929
 308                    -0.430203227249                     0.344261595403
 309                    -0.519300121647                     0.348618455277
 310                    -0.608386875567                     0.352980526751
 311                    -0.697473629486                     0.357342598225
 312                     0.882514592354                     0.366010082829
 313                     0.690787274807                     0.367922345273
 314                    -0.785907461209                     0.368958742091
 315                    -0.880834396009                     0.370035340552
 316                     0.599347691649                     0.371052505507
 317                     0.510260937730                     0.375414576980
 318                     0.793882120259                     0.375998189848
 319                     0.421174183810                     0.379776648454
 320                     0.332087429890                     0.384138719928
 321                     0.243000675970                     0.388500791402
 322                     0.153913922051                     0.392862862875
 323                     0.064093933632                     0.397702637445
 324                    -0.024992820288                     0.402064708919
 325                    -0.114621923820                     0.406145737280
 326                    -0.203708677740                     0.410507808754
 327                    -0.292795431660                     0.414869880227
 328                    -0.381882185580                     0.419231951701
 329                    -0.470979079978                     0.423588811576
 330                    -0.560065833898                     0.427950883049
 331                    -0.651311068312                     0.433746028562
 332                     0.736850474641                     0.444575655458
 333                     0.647668733318                     0.446022861805
 334                     0.558581979399                     0.450384933279
 335                    -0.842488240146                     0.450565146971
 336                     0.842308921671                     0.450900274627
 337                    -0.753305988479                     0.451980554691
 338                     0.469495225479                     0.454747004752
 339                     0.380408471559                     0.459109076226
 340                     0.291321717640                     0.463471147700
 341                     0.202234963720                     0.467833219174
 342                     0.113148209800                     0.472195290647
 343                     0.023328221382                     0.477035065217
 344                    -0.066300882151                     0.481116093578
 345                    -0.155387636071                     0.485478165052
 346                    -0.244474389991                     0.489840236526
 347                    -0.333561143910                     0.494202308000
 348                    -0.422658038309                     0.498559167874
 349                    -0.511744792228                     0.502921239348
 350                    -0.600831546148                     0.507283310821
 351                    -0.689729459223                     0.514538546341
 352                     0.785277314848                     0.519477841308
 353                     0.696084762390                     0.523908083231
 354                     0.606903021068                     0.525355289577
 355                     0.517816267148                     0.529717361051
 356                    -0.794025688448                     0.531336609443
 357                     0.428729513229                     0.534079432524
 358                     0.339642759309                     0.538441503998
 359                     0.250556005389                     0.542803575472
 360                     0.161469251470                     0.547165646946
 361                     0.072382497550                     0.551527718419
 362                    -0.017979840482                     0.556086449876
 363                    -0.107066594402                     0.560448521350
 364                    -0.196153348321                     0.564810592824
 365                    -0.285240102241                     0.569172664298
 366                    -0.374336996639                     0.573529524172
 367                    -0.463423750559                     0.577891595646
 368                    -0.552510504479                     0.582253667120
 369                    -0.641408417554                     0.589508902639
 370                    -0.730491865651                     0.593937973264
 371                     0.744405804060                     0.598878439529
 372                     0.655319050140                     0.603240511002
 373                     0.566137308818                     0.604687717349
 374                     0.477050554898                     0.609049788823
 375                     0.387963800978                     0.613411860296
 376                     0.298877047059                     0.617773931770
 377                     0.209790293139                     0.622136003244
 378                     0.120703539219                     0.626498074718
 379                     0.031074435687                     0.630579103079
 380                    -0.058745552732                     0.635418877649
 381                    -0.147832306652                     0.639780949122
 382                    -0.236927606262                     0.644148527906
 383                    -0.326015954970                     0.648499880470
 384                    -0.415102708890                     0.652861951944
 385                    -0.504189462810                     0.657224023418
 386                    -0.593087375884                     0.664479258937
 387                    -0.682170823982                     0.668908329562
 388                     0.525371596567                     0.684020145121
 389                     0.658332015643                     0.692383090225
 390                     0.347448566234                     0.692872499264
 391                     0.436641752167                     0.693102661525
 392                     0.258111334808                     0.697106359542
 393                     0.169024580888                     0.701468431016
 394                     0.079395477356                     0.705549459377
 395                    -0.009691276564                     0.709911530850
 396                    -0.098999721738                     0.715025038418
 397                    -0.188598020093                     0.719113376283
 398                    -0.277925156279                     0.723618137058
 399                    -0.455868421141                     0.732194379716
 400                    -0.366675456852                     0.732498539059
 401                     0.590894888001                     0.750758694777
 402                    -0.587405972618                     0.753491612284
 403                     0.503936183879                     0.770599591148
 404                     0.306433236480                     0.772076161532
 405                     0.395626422412                     0.772306323792
 406                     0.217418944966                     0.777734016290
 407                     0.127716519025                     0.780519815675
 408                    -0.048668507007                     0.790137791504
 409                    -0.140287374367                     0.794090432113
 410                     0.040200626996                     0.797737423929
 411                    -0.229374732280                     0.798440150670
 412                    -0.514579239873                     0.804986703208
 413                    -0.318125032853                     0.807320552671
 414                    -0.426102917599                     0.816274652018
 415                     0.450897863626                     0.842310217810
 416                     0.174250567990                     0.856612257339
 417                     0.284017551581                     0.858407004583
 418                    -0.091180398349                     0.868548355116
 419                     0.086734675962                     0.873829865593
 420                    -0.002398557437                     0.877107684282
 421                     0.370383208805                     0.880688176987
 422                    -0.198582387153                     0.882149820799
 423                    -0.366258286687                     0.882411612505
 424                    -0.282372809466                     0.912721744522
 425                     0.227984727154                     0.927802969727
 426                     0.140468835126                     0.945020577981
 427                    -0.135974933622                     0.945677642687
 428                     0.047508590379                     0.954011810731
 429                    -0.047193092710                     0.954236971853
