   1                    -0.029220728123                    -0.953514880494
   2                     0.061825788700                    -0.952469260091
   3                    -0.123833070472                    -0.946512318035
   4                     0.174213651895                    -0.938546642969
   5                    -0.226973422739                    -0.927201845827
   6                     0.251647063463                    -0.891043998116
   7                     0.342489971970                    -0.891022343511
   8                     0.110299158219                    -0.873991457328
   9                    -0.071305034667                    -0.872395923428
  10                    -0.388805423492                    -0.871808775018
  11                     0.019519933199                    -0.870590457503
  12                    -0.297971514279                    -0.870529934860
  13                    -0.161755733136                    -0.863963507314
  14                     0.422884509991                    -0.848700580459
  15                    -0.469916933820                    -0.830902083788
  16                     0.505090080712                    -0.809990235133
  17                     0.249033875242                    -0.800238680307
  18                     0.345707390957                    -0.800236426595
  19                     0.158254650222                    -0.796837680481
  20                     0.067475425202                    -0.793436680655
  21                    -0.023312635077                    -0.790280321064
  22                    -0.114083024838                    -0.786634681003
  23                    -0.204984096330                    -0.783573972372
  24                    -0.546772657540                    -0.782470356309
  25                    -0.386666570587                    -0.780991046554
  26                    -0.295832661373                    -0.779712206397
  27                     0.580418717116                    -0.757848474536
  28                     0.410900540070                    -0.736972789301
  29                    -0.618676553421                    -0.726952212860
  30                     0.297368839999                    -0.723322065216
  31                     0.206589614979                    -0.719921065391
  32                     0.499445379848                    -0.716668951145
  33                     0.115810389959                    -0.716520065565
  34                     0.025031164939                    -0.713119065739
  35                    -0.065748060081                    -0.709718065913
  36                    -0.156527285101                    -0.706317066087
  37                    -0.247306510121                    -0.702916066261
  38                    -0.432744362248                    -0.702701381778
  39                    -0.341910453035                    -0.701422541621
  40                    -0.523236792809                    -0.694729273763
  41                     0.664623349845                    -0.685197781941
  42                     0.575594561854                    -0.667133745737
  43                     0.436483029777                    -0.649806449952
  44                     0.345703804756                    -0.646405450126
  45                     0.254924579736                    -0.643004450300
  46                    -0.648145640734                    -0.641021965636
  47                     0.164145354716                    -0.639603450475
  48                     0.073366129696                    -0.636202450649
  49                    -0.017413095324                    -0.632801450823
  50                    -0.108192320344                    -0.629400450997
  51                    -0.198971545364                    -0.625999451171
  52                    -0.289750770384                    -0.622598451345
  53                    -0.471367911286                    -0.620150096879
  54                    -0.380529995404                    -0.619197451519
  55                    -0.561889813822                    -0.612519916256
  56                    -0.733744970171                    -0.610605041154
  57                     0.664626007544                    -0.594354870891
  58                     0.754904354310                    -0.584242769214
  59                     0.575597219554                    -0.576290834688
  60                     0.484817994534                    -0.572889834862
  61                     0.394038769514                    -0.569488835036
  62                     0.303259544494                    -0.566087835210
  63                     0.212480319474                    -0.562686835384
  64                     0.121701094454                    -0.559285835558
  65                     0.030921869434                    -0.555884835732
  66                    -0.059857355586                    -0.552483835907
  67                    -0.150636580606                    -0.549082836081
  68                    -0.241415805627                    -0.545681836255
  69                    -0.332195030647                    -0.542280836429
  70                    -0.422974255667                    -0.538879836603
  71                    -0.788465095275                    -0.538091991269
  72                    -0.513753480687                    -0.535478836777
  73                    -0.605293007081                    -0.532638358039
  74                    -0.697290358706                    -0.527397494634
  75                     0.806638166003                    -0.506950793486
  76                     0.714711409331                    -0.502775219423
  77                     0.623932184311                    -0.499374219597
  78                     0.533152959291                    -0.495973219771
  79                     0.442373734271                    -0.492572219946
  80                     0.351594509251                    -0.489171220120
  81                     0.260815284231                    -0.485770220294
  82                     0.170036059211                    -0.482369220468
  83                     0.079256834191                    -0.478968220642
  84                    -0.011522390829                    -0.475567220816
  85                    -0.102301615849                    -0.472166220990
  86                    -0.193080840869                    -0.468765221165
  87                    -0.283860065889                    -0.465364221339
  88                    -0.374639290909                    -0.461963221513
  89                    -0.465418515929                    -0.458562221687
  90                    -0.556197740949                    -0.455161221861
  91                    -0.752010483810                    -0.454884444749
  92                    -0.646976965969                    -0.451760222034
  93                    -0.842631859034                    -0.448544030923
  94                     0.853885083564                    -0.426732306724
  95                     0.763046374089                    -0.425858604333
  96                     0.672267149069                    -0.422457604507
  97                     0.581487924049                    -0.419056604681
  98                     0.490708699029                    -0.415655604855
  99                     0.399929474009                    -0.412254605029
 100                     0.309150248989                    -0.408853605203
 101                     0.218371023968                    -0.405452605378
 102                     0.127591798948                    -0.402051605552
 103                     0.036812573928                    -0.398650605726
 104                    -0.053966651092                    -0.395249605900
 105                    -0.144745876112                    -0.391848606074
 106                    -0.235525101132                    -0.388447606249
 107                    -0.326304326152                    -0.385046606423
 108                    -0.417083551172                    -0.381645606597
 109                    -0.701160796803                    -0.378845566640
 110                    -0.507862776192                    -0.378244606771
 111                    -0.598642001212                    -0.374843606945
 112                    -0.791830211978                    -0.373233824765
 113                    -0.882313985366                    -0.364329430299
 114                     0.720602113826                    -0.345540989417
 115                     0.629822888806                    -0.342139989591
 116                     0.823833539637                    -0.341004019661
 117                     0.539043663786                    -0.338738989765
 118                     0.448264438766                    -0.335337989939
 119                     0.357485213746                    -0.331936990113
 120                     0.266705988726                    -0.328535990287
 121                     0.175926763706                    -0.325134990462
 122                     0.085147538686                    -0.321733990636
 123                    -0.005631686334                    -0.318332990810
 124                    -0.096410911354                    -0.314931990984
 125                    -0.187190136374                    -0.311530991158
 126                    -0.277969361394                    -0.308129991332
 127                    -0.368748586414                    -0.304728991506
 128                     0.905682733301                    -0.301594071784
 129                    -0.459527811434                    -0.301327991681
 130                    -0.550307036454                    -0.297926991854
 131                    -0.641086261475                    -0.294525992029
 132                    -0.731921808066                    -0.293369285245
 133                    -0.822591223241                    -0.287757543370
 134                    -0.912982998745                    -0.278715341411
 135                     0.768937078584                    -0.268624374326
 136                     0.678157853564                    -0.265223374500
 137                     0.587378628544                    -0.261822374675
 138                     0.496599403523                    -0.258421374849
 139                     0.405820178503                    -0.255020375023
 140                     0.315040953483                    -0.251619375197
 141                     0.224261728463                    -0.248218375371
 142                     0.133482503443                    -0.244817375545
 143                     0.042703278423                    -0.241416375720
 144                    -0.048075946597                    -0.238015375894
 145                    -0.138855171617                    -0.234614376068
 146                    -0.229634396637                    -0.231213376242
 147                     0.850786272247                    -0.229214426449
 148                    -0.320413621657                    -0.227812376416
 149                    -0.411192846677                    -0.224411376590
 150                    -0.501972071697                    -0.221010376764
 151                    -0.592751296718                    -0.217609376938
 152                    -0.683554819580                    -0.214221222131
 153                    -0.774334713360                    -0.210791682438
 154                     0.934613838523                    -0.194209089324
 155                    -0.882512291402                    -0.193135142246
 156                     0.726492818321                    -0.188306759410
 157                     0.635713593301                    -0.184905759584
 158                     0.544934368281                    -0.181504759758
 159                     0.454155143261                    -0.178103759933
 160                     0.363375918241                    -0.174702760107
 161                     0.272596693221                    -0.171301760281
 162                     0.181817468201                    -0.167900760455
 163                     0.091038243181                    -0.164499760629
 164                     0.000259018161                    -0.161098760803
 165                    -0.090520206859                    -0.157697760978
 166                    -0.181299431879                    -0.154296761152
 167                    -0.272078656900                    -0.150895761326
 168                    -0.362857881920                    -0.147494761500
 169                    -0.453637106940                    -0.144093761674
 170                    -0.544416331960                    -0.140692761848
 171                     0.862384544166                    -0.139114955954
 172                    -0.635195556980                    -0.137291762022
 173                    -0.725974782000                    -0.133890762196
 174                    -0.816752898184                    -0.130460293234
 175                    -0.945943591116                    -0.128105112940
 176                     0.774827783079                    -0.111390144320
 177                     0.684048558058                    -0.107989144494
 178                     0.593269333038                    -0.104588144668
 179                     0.948911552810                    -0.103556493164
 180                     0.502490108018                    -0.101187144842
 181                     0.411710882998                    -0.097786145016
 182                     0.320931657978                    -0.094385145191
 183                     0.230152432958                    -0.090984145365
 184                     0.139373207938                    -0.087583145539
 185                     0.048593982918                    -0.084182145713
 186                    -0.042185242102                    -0.080781145887
 187                    -0.132964467122                    -0.077380146061
 188                    -0.223743692142                    -0.073979146236
 189                    -0.314522917162                    -0.070578146410
 190                    -0.405302142182                    -0.067177146584
 191                    -0.496081367203                    -0.063776146758
 192                    -0.586860592223                    -0.060375146932
 193                    -0.677639817243                    -0.056974147106
 194                    -0.864319885036                    -0.053066390007
 195                    -0.769708088127                    -0.052747872465
 196                     0.842267847345                    -0.050527411660
 197                    -0.953837511953                    -0.037605828364
 198                     0.732383522816                    -0.031072529404
 199                     0.641604297796                    -0.027671529578
 200                     0.550825072776                    -0.024270529752
 201                     0.460045847756                    -0.020869529926
 202                     0.369266622736                    -0.017468530100
 203                     0.278487397716                    -0.014067530275
 204                     0.954481378385                    -0.012863473941
 205                     0.187708172695                    -0.010666530449
 206                     0.096928947676                    -0.007265530623
 207                     0.006149722655                    -0.003864530797
 208                    -0.084629502365                    -0.000463530971
 209                    -0.175408727385                     0.002937468855
 210                    -0.266187952405                     0.006338468681
 211                    -0.356967177425                     0.009739468507
 212                    -0.447746402445                     0.013140468332
 213                    -0.538525627465                     0.016541468158
 214                    -0.629304852485                     0.019942467984
 215                    -0.720084077506                     0.023343467810
 216                    -0.817275074980                     0.024646030762
 217                     0.870988284764                     0.035655945025
 218                     0.780718487573                     0.045844085686
 219                    -0.920403762926                     0.046860845071
 220                     0.689939262553                     0.049245085512
 221                     0.599160037533                     0.052646085338
 222                     0.508380812513                     0.056047085164
 223                     0.417601587493                     0.059448084990
 224                     0.326822362473                     0.062849084816
 225                     0.236043137453                     0.066250084642
 226                     0.145263912433                     0.069651084467
 227                     0.054484687413                     0.073052084293
 228                    -0.036294537607                     0.076453084119
 229                     0.951391566306                     0.077937700102
 230                    -0.127073762627                     0.079854083945
 231                    -0.217852987647                     0.083255083771
 232                    -0.308632212667                     0.086656083597
 233                    -0.399411437688                     0.090057083423
 234                    -0.490190662708                     0.093458083248
 235                    -0.580969887728                     0.096859083074
 236                    -0.671749112748                     0.100260082900
 237                    -0.762528337768                     0.103661082726
 238                    -0.853264891113                     0.108055668273
 239                     0.829053452331                     0.122760700777
 240                     0.738274227311                     0.126161700602
 241                     0.647495002291                     0.129562700428
 242                     0.556715777271                     0.132963700254
 243                    -0.945085901954                     0.134286393442
 244                     0.465936552251                     0.136364700080
 245                     0.375157327230                     0.139765699906
 246                     0.284378102210                     0.143166699732
 247                     0.193598877190                     0.146567699558
 248                     0.102819652170                     0.149968699384
 249                     0.012040427150                     0.153369699209
 250                    -0.078738797870                     0.156770699035
 251                     0.912003525155                     0.159797438126
 252                    -0.169518022890                     0.160171698861
 253                    -0.260297247910                     0.163572698687
 254                    -0.351076472930                     0.166973698513
 255                    -0.441855697950                     0.170374698339
 256                    -0.532634922970                     0.173775698165
 257                    -0.623414147990                     0.177176697991
 258                    -0.714193373011                     0.180577697816
 259                    -0.804929926355                     0.184972283364
 260                     0.786609192068                     0.203078315693
 261                     0.695829967048                     0.206479315519
 262                     0.605050742028                     0.209880315345
 263                     0.514271517008                     0.213281315170
 264                     0.423492291988                     0.216682314996
 265                     0.332713066968                     0.220083314822
 266                     0.241933841948                     0.223484314648
 267                    -0.928041381085                     0.223515978241
 268                     0.151154616928                     0.226885314474
 269                     0.060375391908                     0.230286314300
 270                    -0.030403833112                     0.233687314126
 271                    -0.121183058132                     0.237088313951
 272                    -0.211962283153                     0.240489313777
 273                    -0.302741508173                     0.243890313603
 274                    -0.393520733193                     0.247291313429
 275                     0.921213342894                     0.250172289452
 276                    -0.484299958213                     0.250692313255
 277                    -0.575079183233                     0.254093313081
 278                    -0.665858408253                     0.257494312907
 279                    -0.756591438935                     0.261961038589
 280                    -0.847373321176                     0.265290355621
 281                     0.835322456733                     0.279755902645
 282                     0.744164931806                     0.283395930609
 283                     0.653385706786                     0.286796930435
 284                     0.562606481765                     0.290197930261
 285                     0.471827256745                     0.293598930086
 286                     0.381048031725                     0.296999929912
 287                     0.290268806705                     0.300400929738
 288                     0.199489581685                     0.303801929564
 289                     0.108710356665                     0.307202929390
 290                     0.017931131645                     0.310603929216
 291                    -0.072848093375                     0.314004929042
 292                    -0.163627318395                     0.317405928867
 293                    -0.254406543415                     0.320806928693
 294                    -0.345185768435                     0.324207928519
 295                    -0.435964993455                     0.327608928345
 296                    -0.526744218475                     0.331009928171
 297                    -0.617523443495                     0.334410927997
 298                    -0.708256474177                     0.338877653679
 299                    -0.799035699197                     0.342278653505
 300                    -0.889817581438                     0.345607970538
 301                     0.885005547526                     0.357470698681
 302                     0.792878196470                     0.360073517561
 303                     0.701937584257                     0.363827800002
 304                     0.610941446523                     0.367114545351
 305                     0.520162221503                     0.370515545177
 306                     0.429382996483                     0.373916545003
 307                     0.338603771463                     0.377317544829
 308                     0.247824546443                     0.380718544654
 309                     0.157045321423                     0.384119544480
 310                     0.066266096402                     0.387520544306
 311                    -0.024513128618                     0.390921544132
 312                    -0.115292353638                     0.394322543958
 313                    -0.206071578658                     0.397723543784
 314                    -0.296850803678                     0.401124543610
 315                    -0.387630028698                     0.404525543435
 316                    -0.478409253718                     0.407926543261
 317                    -0.569188478738                     0.411327543087
 318                    -0.671374484155                     0.421896647332
 319                    -0.762153709175                     0.425297647158
 320                    -0.852935591416                     0.428626964191
 321                     0.846916346454                     0.440173626739
 322                     0.755105169303                     0.442690906249
 323                     0.659276411281                     0.444031160441
 324                     0.568497186260                     0.447432160267
 325                     0.477717961240                     0.450833160093
 326                     0.386938736220                     0.454234159919
 327                     0.296159511200                     0.457635159745
 328                     0.205380286180                     0.461036159571
 329                     0.114601061160                     0.464437159396
 330                     0.023821836140                     0.467838159222
 331                    -0.066957388881                     0.471239159048
 332                    -0.157736613901                     0.474640158874
 333                    -0.248515838921                     0.478041158700
 334                    -0.339295063941                     0.481442158526
 335                    -0.430074288961                     0.484843158352
 336                    -0.520853513981                     0.488244158177
 337                    -0.612572929312                     0.491141225770
 338                    -0.713818744418                     0.502214262248
 339                    -0.808161384452                     0.507876784930
 340                     0.708270068469                     0.520529892785
 341                     0.799098158631                     0.522170786628
 342                     0.617067670503                     0.524596860540
 343                     0.526052925998                     0.527749775183
 344                     0.435273700978                     0.531150775009
 345                     0.344494475957                     0.534551774835
 346                     0.253715250938                     0.537952774661
 347                     0.162936025917                     0.541353774487
 348                     0.072156800897                     0.544754774313
 349                    -0.018622424123                     0.548155774138
 350                    -0.109401649143                     0.551556773965
 351                    -0.200180874163                     0.554957773790
 352                    -0.290960099183                     0.558358773616
 353                    -0.381739324203                     0.561759773442
 354                    -0.472518549223                     0.565160773268
 355                    -0.564237964555                     0.568057840861
 356                    -0.655017189575                     0.571458840686
 357                    -0.756199570486                     0.582565367261
 358                     0.574196405161                     0.604786389264
 359                     0.736957065804                     0.606724386107
 360                     0.392829440715                     0.611468389925
 361                     0.483668161087                     0.612340958731
 362                     0.302050215695                     0.614869389751
 363                     0.211270990675                     0.618270389577
 364                     0.120491765655                     0.621671389403
 365                     0.029712540634                     0.625072389228
 366                    -0.061066684386                     0.628473389055
 367                    -0.151845909406                     0.631874388881
 368                    -0.242625134426                     0.635275388707
 369                    -0.333404359446                     0.638676388532
 370                    -0.424183584466                     0.642077388358
 371                    -0.515839528962                     0.645008924214
 372                     0.655096229978                     0.646110145625
 373                    -0.606618790623                     0.648408945874
 374                    -0.697398015643                     0.651809945699
 375                     0.535945004307                     0.687183384524
 376                     0.354282397086                     0.693727492294
 377                     0.445416760232                     0.694737953990
 378                     0.259605955432                     0.695187004667
 379                     0.168826730412                     0.698588004493
 380                     0.078047505392                     0.701989004319
 381                    -0.012731719629                     0.705390004145
 382                    -0.103510109497                     0.708813223197
 383                    -0.194290169669                     0.712192003797
 384                    -0.286372161980                     0.716396443194
 385                    -0.467504564204                     0.721925539305
 386                    -0.376739327395                     0.725681372373
 387                     0.616844829123                     0.728507140884
 388                    -0.603973384437                     0.739213330796
 389                     0.308139229990                     0.771978643247
 390                     0.398978298139                     0.772814222686
 391                     0.217352578442                     0.776460055538
 392                     0.126382470149                     0.778905619409
 393                     0.544801419879                     0.783844123811
 394                    -0.053178282262                     0.786731937158
 395                    -0.145980176607                     0.789124305630
 396                    -0.236760500897                     0.792495835962
 397                    -0.530970554612                     0.793278304046
 398                     0.037180771083                     0.796095482086
 399                    -0.327127666313                     0.801780765141
 400                    -0.441492200738                     0.808964561829
 401                     0.467824035243                     0.832082249290
 402                     0.172706495031                     0.857049840012
 403                     0.296402172455                     0.862060139546
 404                    -0.097566807229                     0.865991594905
 405                     0.386609818263                     0.872784650391
 406                     0.083634002581                     0.874897125065
 407                    -0.007207753884                     0.875355139834
 408                    -0.379890429240                     0.875730243458
 409                    -0.208816203508                     0.878933968395
 410                    -0.294925319430                     0.907876232476
 411                     0.231863334182                     0.925991140237
 412                    -0.144925770324                     0.943512966859
 413                     0.142790841732                     0.943838425289
 414                    -0.054491077919                     0.953018690783
 415                     0.038609776774                     0.953797401272
