   1                     0.072165615208                    -0.953526211632
   2                    -0.078222331809                    -0.953048466289
   3                     0.159016368062                    -0.942938973092
   4                    -0.170838497158                    -0.940836933153
   5                    -0.260696948703                    -0.920031093619
   6                     0.289412037383                    -0.911405938595
   7                    -0.002886256495                    -0.908555560704
   8                    -0.343697076495                    -0.892352190504
   9                    -0.113518144122                    -0.872990059333
  10                     0.211009877403                    -0.872569818789
  11                     0.123901676875                    -0.858385730579
  12                    -0.199610334518                    -0.857392699175
  13                     0.437982872789                    -0.850053595623
  14                     0.350498651568                    -0.848767544151
  15                    -0.446445827924                    -0.845639542014
  16                     0.037111880714                    -0.830739804518
  17                    -0.282610462310                    -0.829713796060
  18                    -0.048132629976                    -0.810934962696
  19                     0.272096491588                    -0.809931424344
  20                    -0.367400210243                    -0.808130433566
  21                     0.514052422636                    -0.806314511897
  22                     0.182988242832                    -0.789684772567
  23                    -0.132467615154                    -0.787573079530
  24                    -0.550713984817                    -0.781750739824
  25                    -0.218379655722                    -0.770041580797
  26                     0.098198494899                    -0.768101410074
  27                     0.431903151764                    -0.762771410251
  28                     0.344433699454                    -0.760712817606
  29                    -0.465882476634                    -0.760332100497
  30                     0.587546328940                    -0.754459689869
  31                     0.013408746966                    -0.746518047580
  32                    -0.302047111020                    -0.744406354544
  33                     0.244074857017                    -0.727046378123
  34                    -0.618108202765                    -0.725376971871
  35                    -0.071381000968                    -0.724934685087
  36                    -0.386836858953                    -0.722822992050
  37                     0.507603935655                    -0.718901896813
  38                     0.159285109084                    -0.705463015630
  39                    -0.156170748901                    -0.703351322592
  40                     0.654045015687                    -0.697599619942
  41                    -0.532690990553                    -0.696133483568
  42                     0.389951219136                    -0.685991346173
  43                     0.074495361151                    -0.683879653136
  44                    -0.240960496835                    -0.681767960100
  45                    -0.684225855795                    -0.667978222069
  46                     0.305161471202                    -0.664407983679
  47                    -0.010294386783                    -0.662296290643
  48                    -0.325750244768                    -0.660184597606
  49                     0.220371723269                    -0.642824621186
  50                     0.547188284112                    -0.640874835812
  51                    -0.095084134716                    -0.640712928149
  52                    -0.410539992701                    -0.638601235113
  53                     0.715068310997                    -0.634899537641
  54                     0.459459432101                    -0.630992419618
  55                    -0.582526494511                    -0.624219886548
  56                     0.135581975336                    -0.621241258692
  57                    -0.179873882649                    -0.619129565656
  58                    -0.495329740635                    -0.617017872620
  59                     0.630256799249                    -0.613401854830
  60                    -0.742485016288                    -0.602607760384
  61                     0.366248085388                    -0.601769589235
  62                     0.050792227403                    -0.599657896199
  63                    -0.264663630583                    -0.597546203162
  64                     0.281458337454                    -0.580186226742
  65                    -0.657981616854                    -0.579929171909
  66                    -0.033997520531                    -0.578074533705
  67                    -0.349453378516                    -0.575962840669
  68                     0.770105353354                    -0.566884341841
  69                     0.512124447506                    -0.560714557285
  70                     0.196668589521                    -0.558602864248
  71                    -0.118787268464                    -0.556491171212
  72                    -0.434243126450                    -0.554379478175
  73                     0.427334699573                    -0.539131194791
  74                     0.111878841588                    -0.537019501755
  75                    -0.203577016398                    -0.534907808718
  76                    -0.519032874383                    -0.532796115682
  77                     0.654887461506                    -0.529446668166
  78                    -0.770738976069                    -0.519801621434
  79                     0.342544951639                    -0.517547832298
  80                     0.027089093654                    -0.515436139261
  81                    -0.288366764331                    -0.513324446225
  82                    -0.603822622316                    -0.511212753189
  83                     0.573211061691                    -0.498076162841
  84                     0.257755203706                    -0.495964469804
  85                    -0.057700654279                    -0.493852776768
  86                     0.819759963305                    -0.492333587758
  87                    -0.373156512264                    -0.491741083731
  88                    -0.688612370250                    -0.489629390696
  89                     0.732006545826                    -0.488121255588
  90                     0.488421313758                    -0.476492800347
  91                     0.172965455773                    -0.474381107311
  92                    -0.142490402212                    -0.472269414274
  93                    -0.457946260198                    -0.470157721238
  94                    -0.836924392708                    -0.462577207803
  95                     0.403631565824                    -0.454909437854
  96                     0.088175707839                    -0.452797744817
  97                    -0.227280150146                    -0.450686051781
  98                    -0.542736008131                    -0.448574358745
  99                     0.640780937665                    -0.441693798459
 100                     0.318841817891                    -0.433326075360
 101                     0.003385959906                    -0.431214382324
 102                    -0.312069898079                    -0.429102689287
 103                    -0.627525756064                    -0.426990996252
 104                     0.861338460310                    -0.415350657974
 105                     0.549507927943                    -0.413854405903
 106                     0.234052069958                    -0.411742712867
 107                     0.773937236660                    -0.411329589000
 108                    -0.081403788027                    -0.409631019830
 109                    -0.396859646012                    -0.407519326794
 110                    -0.712315503998                    -0.405407633758
 111                     0.464718180009                    -0.392271043410
 112                     0.149262322025                    -0.390159350373
 113                    -0.166193535961                    -0.388047657337
 114                    -0.481649393946                    -0.385935964300
 115                    -0.797292628814                    -0.384574219516
 116                     0.695384290061                    -0.372799373953
 117                     0.379928432076                    -0.370687680916
 118                     0.064472574091                    -0.368575987880
 119                    -0.883009967694                    -0.367033389818
 120                    -0.250983283894                    -0.366464294843
 121                    -0.566439141879                    -0.364352601807
 122                     0.610594542128                    -0.351216011459
 123                     0.295138684143                    -0.349104318423
 124                    -0.020317173842                    -0.346992625386
 125                    -0.335773031827                    -0.344880932350
 126                    -0.651228889813                    -0.342769239314
 127                     0.525804794195                    -0.329632648966
 128                     0.857628502034                    -0.327935675844
 129                     0.210348936210                    -0.327520955929
 130                    -0.105106921775                    -0.325409262893
 131                    -0.420562779761                    -0.323297569856
 132                     0.767647515940                    -0.323037196023
 133                    -0.736018637746                    -0.321185876821
 134                     0.441015046261                    -0.308049286472
 135                     0.125559188276                    -0.305937593436
 136                    -0.189896669709                    -0.303825900399
 137                    -0.505352527694                    -0.301714207363
 138                    -0.820995762563                    -0.300352462578
 139                     0.671681156313                    -0.288577617016
 140                     0.356225298328                    -0.286465923979
 141                    -0.912860927343                    -0.284789465427
 142                     0.040769440343                    -0.284354230942
 143                    -0.274686417642                    -0.282242537906
 144                    -0.590142275627                    -0.280130844870
 145                     0.586891408380                    -0.266994254522
 146                     0.918715116219                    -0.265297281401
 147                     0.271435550395                    -0.264882561485
 148                    -0.044020307590                    -0.262770868449
 149                    -0.359476165575                    -0.260659175413
 150                    -0.674932023561                    -0.258547482377
 151                     0.816714901270                    -0.250597327248
 152                     0.502101660446                    -0.245410892029
 153                     0.186645802462                    -0.243299198992
 154                    -0.128810055524                    -0.241187505955
 155                    -0.444265913508                    -0.239075812919
 156                    -0.760357514850                    -0.237145636742
 157                     0.732767770498                    -0.225939222572
 158                     0.417311912513                    -0.223827529535
 159                     0.101856054528                    -0.221715836498
 160                    -0.213599803457                    -0.219604143462
 161                    -0.854558110411                    -0.219552018904
 162                    -0.529055661442                    -0.217492450425
 163                     0.647978022565                    -0.204355860078
 164                     0.332522164580                    -0.202244167041
 165                     0.017066306595                    -0.200132474005
 166                    -0.298389551390                    -0.198020780968
 167                    -0.613845409375                    -0.195909087932
 168                    -0.937287896793                    -0.189423986480
 169                     0.877801515455                    -0.187958932804
 170                     0.563188274631                    -0.182772497585
 171                     0.247732416647                    -0.180660804548
 172                    -0.067723441338                    -0.178549111512
 173                    -0.383179299323                    -0.176437418475
 174                    -0.698635157308                    -0.174325725439
 175                     0.793854384683                    -0.163300828128
 176                     0.478398526698                    -0.161189135091
 177                     0.162942668713                    -0.159077442055
 178                    -0.152513189272                    -0.156965749018
 179                    -0.467969047256                    -0.154854055981
 180                    -0.783424905241                    -0.152742362946
 181                     0.709064636750                    -0.141717465634
 182                     0.393608778765                    -0.139605772598
 183                     0.078152920780                    -0.137494079561
 184                    -0.237302937205                    -0.135382386525
 185                     0.946795993028                    -0.134154611829
 186                    -0.552758795190                    -0.133270693488
 187                    -0.868710607860                    -0.133210547367
 188                     0.624274888817                    -0.120134103141
 189                     0.308819030832                    -0.118022410104
 190                    -0.006636827153                    -0.115910717068
 191                    -0.322092685138                    -0.113799024031
 192                    -0.637548543123                    -0.111687330995
 193                    -0.950719982206                    -0.102721116241
 194                     0.861476136538                    -0.100390630508
 195                     0.539485140883                    -0.098550740647
 196                     0.224029282898                    -0.096439047611
 197                    -0.091426575087                    -0.094327354574
 198                    -0.406882433072                    -0.092215661537
 199                    -0.722338291056                    -0.090103968501
 200                     0.770151250935                    -0.079079071190
 201                     0.454695392950                    -0.076967378154
 202                     0.139239534965                    -0.074855685117
 203                    -0.176216323020                    -0.072743992080
 204                    -0.491672181005                    -0.070632299044
 205                    -0.808312174052                    -0.067751380849
 206                     0.685361503002                    -0.057495708697
 207                     0.369905645017                    -0.055384015660
 208                     0.054449787032                    -0.053272322624
 209                    -0.261006070953                    -0.051160629587
 210                    -0.576461928938                    -0.049048936551
 211                     0.955094708620                    -0.047055391335
 212                     0.600571755068                    -0.035912346203
 213                     0.285115897084                    -0.033800653167
 214                    -0.030339960901                    -0.031688960130
 215                    -0.345795818886                    -0.029577267093
 216                    -0.905871768526                    -0.027596016436
 217                    -0.661251676871                    -0.027465574057
 218                     0.831237865120                    -0.016440676746
 219                     0.515782007135                    -0.014328983710
 220                     0.200326149150                    -0.012217290673
 221                    -0.115129708835                    -0.010105597637
 222                    -0.430585566820                    -0.007993904600
 223                    -0.746041424805                    -0.005882211564
 224                     0.746448117187                     0.005142685747
 225                     0.430992259202                     0.007254378784
 226                     0.115536401217                     0.009366071820
 227                    -0.199919456768                     0.011477764857
 228                    -0.515375314753                     0.013589457893
 229                    -0.830523397933                     0.016876064019
 230                     0.907535054461                     0.026383169295
 231                     0.661658369253                     0.026726048241
 232                     0.346202511269                     0.028837741277
 233                     0.030746653284                     0.030949434314
 234                    -0.284709204701                     0.033061127350
 235                    -0.600165062686                     0.035172820387
 236                    -0.955209720756                     0.044659843955
 237                     0.576868621320                     0.048309410734
 238                     0.261412763335                     0.050421103771
 239                    -0.054043094650                     0.052532796807
 240                    -0.369498952634                     0.054644489844
 241                    -0.684954810619                     0.056756182880
 242                     0.810452638580                     0.068602703975
 243                     0.492078873387                     0.069892773228
 244                     0.176623015402                     0.072004466264
 245                    -0.138832842583                     0.074116159301
 246                    -0.454288700568                     0.076227852337
 247                    -0.769436783748                     0.079514458463
 248                     0.722744983439                     0.089364442685
 249                     0.407289125454                     0.091476135721
 250                     0.091833267469                     0.093587828758
 251                    -0.223622590516                     0.095699521794
 252                    -0.539078448501                     0.097811214831
 253                    -0.865792579526                     0.098110338527
 254                     0.950748093230                     0.102460604658
 255                     0.637955235505                     0.110947805178
 256                     0.322499377520                     0.113059498215
 257                     0.007043519535                     0.115171191251
 258                    -0.308412338449                     0.117282884288
 259                    -0.623868196434                     0.119394577324
 260                    -0.947129478102                     0.131779603882
 261                     0.553165487572                     0.132531167672
 262                     0.237709629587                     0.134642860708
 263                     0.869774572108                     0.135603202142
 264                    -0.077746228398                     0.136754553745
 265                    -0.393202086383                     0.138866246781
 266                    -0.708350169562                     0.142152852907
 267                     0.783831597622                     0.152002837130
 268                     0.468375739639                     0.154114530165
 269                     0.152919881654                     0.156226223202
 270                    -0.162535976331                     0.158337916238
 271                    -0.477991834316                     0.160449609275
 272                    -0.793139917496                     0.163736215401
 273                     0.699041849690                     0.173586199623
 274                     0.383585991706                     0.175697892659
 275                     0.068130133721                     0.177809585695
 276                    -0.247325724264                     0.179921278732
 277                    -0.562781582249                     0.182032971768
 278                    -0.877929665429                     0.185319577894
 279                     0.614252101756                     0.195169562116
 280                     0.936042238056                     0.195409455942
 281                     0.298796243772                     0.197281255152
 282                    -0.016659614213                     0.199392948189
 283                    -0.332115472198                     0.201504641225
 284                    -0.647263555377                     0.204791247351
 285                     0.529462353824                     0.216752924610
 286                     0.214006495839                     0.218864617646
 287                    -0.101449362146                     0.220976310682
 288                     0.852045543651                     0.221281813482
 289                    -0.416905220131                     0.223088003719
 290                    -0.732053303310                     0.226374609844
 291                     0.764466352464                     0.237567846111
 292                     0.444672605890                     0.238336287103
 293                     0.129216747906                     0.240447980139
 294                    -0.186239110079                     0.242559673176
 295                    -0.501694968064                     0.244671366212
 296                    -0.816843051244                     0.247957972338
 297                     0.675338715943                     0.257807956561
 298                     0.359882857957                     0.259919649596
 299                     0.044426999973                     0.262031342633
 300                    -0.919586755346                     0.262260007778
 301                    -0.271028858013                     0.264143035669
 302                    -0.586176941192                     0.267429641795
 303                     0.590548968010                     0.279391319054
 304                     0.275093110024                     0.281503012089
 305                    -0.040362747961                     0.283614705126
 306                     0.913131442820                     0.283920905220
 307                    -0.355818605946                     0.285726398163
 308                    -0.670779776625                     0.289761056628
 309                     0.505759220076                     0.300974681547
 310                     0.190303362091                     0.303086374583
 311                     0.822272838564                     0.303554098748
 312                    -0.125152495894                     0.305198067620
 313                    -0.440608353879                     0.307309760656
 314                    -0.755756437058                     0.310596366782
 315                     0.736425330128                     0.320446351005
 316                     0.420969472143                     0.322558044041
 317                     0.105513614157                     0.324669737076
 318                    -0.858500141161                     0.324898402222
 319                    -0.209942243827                     0.326781430113
 320                    -0.522924103365                     0.336962083966
 321                     0.651635582195                     0.342029713498
 322                     0.336179724210                     0.344141406534
 323                     0.020723866224                     0.346253099570
 324                    -0.294731991761                     0.348364792607
 325                    -0.609140778184                     0.351855971111
 326                     0.566845834261                     0.363613075992
 327                     0.251389976276                     0.365724769027
 328                     0.883358737733                     0.366193190486
 329                    -0.064065881709                     0.367836462063
 330                    -0.379521739694                     0.369948155100
 331                    -0.690067427749                     0.385112854326
 332                     0.482056086328                     0.385196438485
 333                     0.166600228343                     0.387308131521
 334                     0.798568743433                     0.387775585110
 335                    -0.148855629642                     0.389419824557
 336                    -0.776944025796                     0.395485877174
 337                     0.712721434452                     0.404668850985
 338                     0.397266338395                     0.406779800978
 339                     0.081810480409                     0.408891494014
 340                    -0.233645377576                     0.411003187051
 341                    -0.862809634852                     0.412285879329
 342                    -0.481629405228                     0.414097619207
 343                     0.628002118511                     0.426527039326
 344                     0.312476590461                     0.428363163472
 345                    -0.567846080047                     0.428991506352
 346                    -0.002979267524                     0.430474856508
 347                    -0.318435125509                     0.432586549544
 348                     0.543142700514                     0.447834832929
 349                     0.227686842528                     0.449946525964
 350                    -0.087769015457                     0.452058219001
 351                    -0.403771724856                     0.454014088217
 352                    -0.648772729613                     0.462248389567
 353                     0.834041060246                     0.467755942893
 354                     0.458352952580                     0.469418195423
 355                     0.142897094595                     0.471529888458
 356                    -0.735649327659                     0.472621412415
 357                    -0.172558763390                     0.473641581494
 358                     0.748193751266                     0.484649208767
 359                    -0.821514936716                     0.489421414571
 360                     0.373563204647                     0.491001557916
 361                     0.058107346661                     0.493113250951
 362                    -0.257348511324                     0.495224943988
 363                    -0.515585393203                     0.500132855583
 364                     0.604298984764                     0.510748796264
 365                     0.288773456714                     0.512584920409
 366                    -0.026682401272                     0.514696613445
 367                    -0.342685110671                     0.516652482660
 368                     0.519439566766                     0.532056589867
 369                    -0.598196216205                     0.533642781381
 370                     0.203983708780                     0.534168282902
 371                    -0.111472149205                     0.536279975938
 372                    -0.434596969780                     0.536354803661
 373                    -0.687477249921                     0.545659716185
 374                     0.682842763434                     0.549297696681
 375                     0.434649818833                     0.553639952360
 376                     0.119193960846                     0.555751645395
 377                    -0.196261897139                     0.557863338432
 378                    -0.773342858978                     0.562459718340
 379                     0.767876146246                     0.569900286291
 380                     0.349860070900                     0.575223314853
 381                     0.034404212913                     0.577335007889
 382                    -0.281598496486                     0.579290877104
 383                    -0.533504969392                     0.592551061588
 384                     0.265070322966                     0.596806677347
 385                     0.610186547050                     0.598044154110
 386                    -0.050385535020                     0.598918370382
 387                    -0.366388244419                     0.600874239598
 388                    -0.632831069077                     0.613989342338
 389                     0.495736433028                     0.616278346807
 390                     0.180280575033                     0.618390039838
 391                    -0.135175282953                     0.620501732876
 392                    -0.451220476571                     0.622290011339
 393                    -0.718696678134                     0.630789344494
 394                     0.712572775894                     0.637699107215
 395                     0.410946685085                     0.637861709298
 396                     0.095490827098                     0.639973402333
 397                    -0.220511882301                     0.641929271549
 398                     0.326156937152                     0.659445071791
 399                     0.010701079165                     0.661556764826
 400                    -0.305301630234                     0.663512634042
 401                     0.563275459516                     0.671898691936
 402                    -0.568139822265                     0.672897622545
 403                     0.241367189218                     0.681028434284
 404                    -0.074088668768                     0.683140127320
 405                    -0.390091378168                     0.685095996535
 406                    -0.651976073255                     0.699509282888
 407                     0.651304044165                     0.700159377815
 408                     0.472033299270                     0.700500103742
 409                     0.156577441285                     0.702611796776
 410                    -0.485855329443                     0.702636572296
 411                    -0.159425268116                     0.704567665992
 412                     0.387243551337                     0.722083466235
 413                     0.071787693350                     0.724195159270
 414                    -0.244215016049                     0.726151028486
 415                     0.302453803403                     0.743666828728
 416                    -0.013002054583                     0.745778521764
 417                    -0.336166200158                     0.755303561370
 418                     0.584582867267                     0.756758206818
 419                    -0.581115950797                     0.759423705199
 420                    -0.424874873098                     0.765378319443
 421                     0.218033869944                     0.766654533997
 422                    -0.098338653930                     0.767206060436
 423                     0.501122444827                     0.783016553629
 424                     0.132874307537                     0.786833553713
 425                    -0.183128401864                     0.788789422930
 426                    -0.504491616285                     0.801659403983
 427                     0.365072221071                     0.806721371486
 428                     0.048128182392                     0.809724968272
 429                    -0.267918149797                     0.810372785423
 430                     0.280282473138                     0.828304733980
 431                    -0.037252039746                     0.829844454880
 432                     0.442320610302                     0.847804570635
 433                    -0.345797448071                     0.850247060230
 434                    -0.433262903804                     0.852468983879
 435                    -0.120580474774                     0.857028377197
 436                     0.198517036105                     0.859442431358
 437                     0.111896920522                     0.871775252101
 438                    -0.206831535612                     0.873011179867
 439                     0.344948231856                     0.891869289542
 440                     0.005253159587                     0.906319620266
 441                    -0.284710833886                     0.912885454674
 442                     0.261987004404                     0.919664570271
 443                     0.166352508958                     0.941664458123
 444                    -0.155119972043                     0.943587784237
 445                     0.079278184501                     0.952961217338
 446                    -0.068226226992                     0.953816174238
