   1                    -0.035462677815                    -0.955464463788
   2                     0.052289222875                    -0.954691458143
   3                    -0.127294449894                    -0.947583470761
   4                     0.167780746264                    -0.941286122421
   5                    -0.213648805313                    -0.931946420707
   6                     0.253376630075                    -0.921938298593
   7                    -0.325340664358                    -0.899068070391
   8                     0.336838061945                    -0.894824040304
   9                     0.102455519521                    -0.882689122812
  10                    -0.074582114714                    -0.876910894366
  11                     0.013169785976                    -0.876137888721
  12                    -0.406402107339                    -0.865452061197
  13                    -0.161014074559                    -0.861728340907
  14                     0.422491921797                    -0.857710667178
  15                    -0.250951664155                    -0.852514120385
  16                     0.178961783925                    -0.839703251654
  17                     0.266600701730                    -0.835185099567
  18                    -0.484040007404                    -0.824545459215
  19                     0.507156396939                    -0.810532128989
  20                     0.350062133600                    -0.808070841278
  21                     0.063336082622                    -0.804135553390
  22                    -0.319356297739                    -0.797543221569
  23                    -0.024102917230                    -0.796691433746
  24                    -0.111541917081                    -0.789247314102
  25                    -0.198980916933                    -0.781803194458
  26                    -0.404841163674                    -0.777710639581
  27                    -0.562967180845                    -0.772789154474
  28                     0.429221996412                    -0.770193278898
  29                     0.584967972560                    -0.756295189830
  30                     0.198453507606                    -0.754140021699
  31                     0.286000369849                    -0.748095145888
  32                    -0.482479063740                    -0.736804037599
  33                     0.113502379268                    -0.732133218059
  34                     0.026063379416                    -0.724689098415
  35                     0.503840229877                    -0.722839503026
  36                    -0.061375620435                    -0.717244978771
  37                    -0.637037978559                    -0.712988469019
  38                    -0.323684578285                    -0.709894721298
  39                    -0.148814620287                    -0.709800859127
  40                    -0.236253620138                    -0.702356739483
  41                     0.646704626927                    -0.693928699471
  42                    -0.408908135620                    -0.688967731848
  43                    -0.553691557887                    -0.685522712640
  44                     0.425905829350                    -0.682500652935
  45                     0.338286512609                    -0.677617114646
  46                     0.251107675766                    -0.667575002372
  47                     0.163668675914                    -0.660130882728
  48                     0.076229676063                    -0.652686763084
  49                    -0.699725689413                    -0.651578009647
  50                     0.554050942368                    -0.650868133972
  51                    -0.011209323789                    -0.645242643440
  52                    -0.098648323641                    -0.637798523796
  53                     0.713260520107                    -0.636733361414
  54                    -0.186087323492                    -0.630354404152
  55                    -0.273526323344                    -0.622910284508
  56                    -0.360965323195                    -0.615466164864
  57                     0.476151972115                    -0.610460906329
  58                    -0.449736568754                    -0.609944843967
  59                     0.630449957782                    -0.607691936177
  60                    -0.625481266203                    -0.604793832466
  61                     0.388712972263                    -0.603016786684
  62                    -0.537904483587                    -0.599199124338
  63                     0.301273972412                    -0.595572667041
  64                     0.213834972560                    -0.588128547397
  65                    -0.756518891149                    -0.584678638582
  66                     0.126395972709                    -0.580684427753
  67                     0.038956972857                    -0.573240308109
  68                     0.768635669376                    -0.568655564330
  69                    -0.048482026994                    -0.565796188465
  70                    -0.135921026846                    -0.558352068821
  71                     0.549417980023                    -0.557134708368
  72                    -0.223360026698                    -0.550907949177
  73                    -0.310799026549                    -0.543463829533
  74                    -0.682370309179                    -0.537656651529
  75                    -0.398322363779                    -0.536059331839
  76                     0.438879268910                    -0.531014451354
  77                    -0.485761363631                    -0.528615212195
  78                    -0.586538034261                    -0.526152759876
  79                     0.351440269058                    -0.523570331710
  80                     0.647978132044                    -0.521704979496
  81                     0.264001269206                    -0.516126212066
  82                    -0.806939156220                    -0.512853918030
  83                     0.176562269355                    -0.508682092422
  84                     0.089123269503                    -0.501237972778
  85                     0.817535809895                    -0.495787396592
  86                     0.001684269652                    -0.493793853134
  87                     0.729792385949                    -0.489965076056
  88                    -0.085754730200                    -0.486349733490
  89                    -0.173193730051                    -0.478905613846
  90                     0.575882836108                    -0.471672370967
  91                    -0.260632729903                    -0.471461494202
  92                    -0.348156067133                    -0.464056996508
  93                     0.489045565556                    -0.459012116022
  94                    -0.435595066984                    -0.456612876864
  95                     0.401606565704                    -0.451567996379
  96                    -0.697981402434                    -0.451269115471
  97                    -0.523034066837                    -0.449168757220
  98                     0.314167565853                    -0.444123876735
  99                    -0.610473066688                    -0.441724637576
 100                     0.226728566001                    -0.436679757091
 101                     0.139289566149                    -0.429235637447
 102                    -0.782977384539                    -0.428433380776
 103                     0.051850566298                    -0.421791517803
 104                     0.646962346210                    -0.420206879072
 105                     0.859549005490                    -0.418742701718
 106                    -0.035588433554                    -0.414347398159
 107                    -0.123027433405                    -0.406903278515
 108                    -0.866995916609                    -0.403098032324
 109                     0.732863625906                    -0.402263530474
 110                    -0.210466433257                    -0.399459158871
 111                    -0.297989770487                    -0.392054661177
 112                     0.543331577850                    -0.390039942893
 113                    -0.385428770338                    -0.384610541533
 114                     0.451772862350                    -0.379565661048
 115                    -0.472867770190                    -0.377166421889
 116                     0.364333862499                    -0.372121541404
 117                    -0.560306770042                    -0.369722302245
 118                     0.276894862647                    -0.364677421760
 119                    -0.647745769893                    -0.362278182601
 120                     0.189455862796                    -0.357233302116
 121                    -0.735184769745                    -0.354834062957
 122                     0.803968214717                    -0.350832692814
 123                     0.102016862944                    -0.349789182472
 124                     0.014577863093                    -0.342345062828
 125                     0.894321335804                    -0.338170506410
 126                     0.674373590343                    -0.336842514339
 127                    -0.072861136759                    -0.334900943184
 128                    -0.819203301815                    -0.329498714505
 129                    -0.160300136610                    -0.327456823540
 130                    -0.247823473841                    -0.320052325846
 131                     0.589378158848                    -0.315007445361
 132                    -0.335262473692                    -0.312608206202
 133                    -0.904646997392                    -0.309489504167
 134                     0.501939158996                    -0.307563325717
 135                    -0.422701473544                    -0.305164086558
 136                     0.414500159145                    -0.300119206073
 137                    -0.510140473396                    -0.297719966914
 138                     0.327061159293                    -0.292675086429
 139                    -0.597579473247                    -0.290275847270
 140                     0.745478179154                    -0.285411676679
 141                     0.239622159442                    -0.285230966785
 142                    -0.685018473099                    -0.282831727626
 143                     0.152183159590                    -0.277786847141
 144                     0.064744159739                    -0.270342727497
 145                     0.838740545031                    -0.270260497506
 146                    -0.022694840113                    -0.262898607853
 147                    -0.110133839964                    -0.255454488209
 148                     0.647125799073                    -0.248626171767
 149                    -0.197657177194                    -0.248049990515
 150                     0.923674982449                    -0.246922301622
 151                    -0.800169396524                    -0.243832478089
 152                    -0.285096177046                    -0.240605870871
 153                     0.552105455643                    -0.235560990386
 154                    -0.372535176898                    -0.233161751227
 155                     0.464666455791                    -0.228116870742
 156                    -0.459974176749                    -0.225717631583
 157                    -0.929212406628                    -0.225242639054
 158                     0.377227455940                    -0.220672751098
 159                    -0.547413176601                    -0.218273511940
 160                     0.289788456088                    -0.213228631454
 161                    -0.634852176453                    -0.210829392295
 162                     0.202349456237                    -0.205784511810
 163                    -0.722291176304                    -0.203385272652
 164                     0.771910084546                    -0.201731643280
 165                     0.114910456385                    -0.198340392166
 166                     0.027471456533                    -0.190896272522
 167                     0.857985141006                    -0.184641345804
 168                    -0.059967543318                    -0.183452152878
 169                    -0.856313885312                    -0.176387760053
 170                    -0.147490880548                    -0.176047655184
 171                     0.689710752140                    -0.171002774699
 172                    -0.234929880400                    -0.168603535540
 173                     0.602271752289                    -0.163558655055
 174                    -0.322368880252                    -0.161159415896
 175                     0.942479587484                    -0.160941511911
 176                     0.514832752437                    -0.156114535411
 177                    -0.409807880103                    -0.153715296253
 178                     0.427393752586                    -0.148670415767
 179                    -0.497246879955                    -0.146271176609
 180                     0.339954752734                    -0.141226296123
 181                    -0.945950104111                    -0.139098323541
 182                    -0.584685879807                    -0.138827056965
 183                     0.252515752883                    -0.133782176479
 184                    -0.672124879658                    -0.131382937321
 185                    -0.779706238487                    -0.130935772197
 186                     0.165076753031                    -0.126338056835
 187                     0.077637753180                    -0.118893937191
 188                    -0.009801246672                    -0.111449817548
 189                    -0.097324583902                    -0.104045319853
 190                     0.828916132774                    -0.101840461916
 191                     0.740894427765                    -0.099576702789
 192                    -0.184763583754                    -0.096601200209
 193                     0.652438048935                    -0.091556319724
 194                    -0.873051582795                    -0.090243444540
 195                    -0.272202583606                    -0.089157080565
 196                     0.564999049084                    -0.084112200080
 197                    -0.359641583457                    -0.081712960921
 198                     0.477560049232                    -0.076668080436
 199                    -0.447080583309                    -0.074268841278
 200                     0.953265902615                    -0.073851621463
 201                     0.390121049381                    -0.069223960792
 202                    -0.534519583160                    -0.066824721634
 203                     0.302682049529                    -0.061779841148
 204                    -0.621958583012                    -0.059380601990
 205                     0.215243049678                    -0.054335721504
 206                    -0.711674612717                    -0.053045128906
 207                    -0.954719091001                    -0.051782239792
 208                     0.127804049826                    -0.046891601860
 209                    -0.798890236006                    -0.043327687542
 210                     0.040365049974                    -0.039447482216
 211                    -0.047158287256                    -0.032042984522
 212                     0.877843778980                    -0.028990760138
 213                    -0.134597287108                    -0.024598864878
 214                     0.790290263480                    -0.023043026465
 215                     0.702604345581                    -0.019553984393
 216                    -0.222036286959                    -0.017154745234
 217                     0.615165345730                    -0.012109864749
 218                    -0.309475286811                    -0.009710625591
 219                     0.527726345878                    -0.004665745105
 220                    -0.876601146799                    -0.002559955742
 221                    -0.396914286662                    -0.002266505947
 222                     0.440287346027                     0.002778374539
 223                    -0.484353286514                     0.005177613697
 224                     0.352848346175                     0.010222494183
 225                    -0.571792286366                     0.012621733341
 226                     0.956021878657                     0.013860397146
 227                     0.265409346324                     0.017666613827
 228                    -0.659231286218                     0.020065852985
 229                     0.177970346472                     0.025110733471
 230                    -0.746677287903                     0.027427266002
 231                     0.090531346621                     0.032554853114
 232                    -0.955445497103                     0.035970059018
 233                     0.003008009390                     0.039959350809
 234                    -0.084430990462                     0.047403470453
 235                     0.840571075775                     0.050455694837
 236                    -0.171869990313                     0.054847590097
 237                     0.753017560275                     0.056403428510
 238                     0.665331642376                     0.059892470582
 239                    -0.259308990165                     0.062291709741
 240                     0.577892642525                     0.067336590226
 241                    -0.346747990016                     0.069735829384
 242                     0.490453642673                     0.074780709870
 243                    -0.434186989868                     0.077179949028
 244                     0.403014642821                     0.082224829514
 245                    -0.521625989720                     0.084624068672
 246                    -0.869278852847                     0.084889330267
 247                     0.315575642970                     0.089668949158
 248                    -0.609064989571                     0.092068188316
 249                     0.917487782152                     0.092702752633
 250                     0.228136643118                     0.097113068802
 251                    -0.696503989423                     0.099512307960
 252                     0.140697643267                     0.104557188446
 253                    -0.783949991108                     0.106873720977
 254                     0.053174306037                     0.111961686140
 255                    -0.034264693815                     0.119405805784
 256                    -0.948123203151                     0.123419345028
 257                    -0.121703693667                     0.126849925428
 258                     0.805775125551                     0.131017692455
 259                    -0.209142693519                     0.134294045071
 260                     0.717057498295                     0.136452585624
 261                     0.629371580318                     0.139941627661
 262                    -0.296581693370                     0.141738164715
 263                     0.540619939319                     0.146783045201
 264                    -0.384020693222                     0.149182284359
 265                     0.453180939468                     0.154227164845
 266                    -0.471459693073                     0.156626404003
 267                     0.365741939616                     0.161671284489
 268                    -0.558898692925                     0.164070523647
 269                     0.278302939765                     0.169115404132
 270                    -0.845549644076                     0.169375531883
 271                    -0.646337692777                     0.171514643291
 272                     0.190863939913                     0.176559523776
 273                     0.939471622330                     0.177659826402
 274                    -0.734462998863                     0.179439168784
 275                     0.103340602683                     0.183964021471
 276                     0.015901602831                     0.191408141114
 277                    -0.071537397021                     0.198852260758
 278                     0.854011991664                     0.204326616605
 279                    -0.158976396873                     0.206296380402
 280                     0.766043208114                     0.209263256860
 281                    -0.932813892358                     0.209828942963
 282                    -0.246415396724                     0.213740500046
 283                     0.678494462247                     0.215280790367
 284                     0.590808544349                     0.218769832443
 285                    -0.333854396575                     0.221184619690
 286                     0.503347236114                     0.226229500176
 287                    -0.421293396427                     0.228628739334
 288                     0.415908236263                     0.233673619820
 289                    -0.508732396279                     0.236072858978
 290                     0.328469236411                     0.241117739464
 291                    -0.596171396130                     0.243516978622
 292                     0.241030236559                     0.248561859107
 293                    -0.683610395982                     0.250961098266
 294                     0.153506899329                     0.255966356802
 295                    -0.858309629105                     0.256198204004
 296                    -0.770719958252                     0.261587375757
 297                     0.919225669756                     0.263047735480
 298                     0.066067899477                     0.263410476446
 299                    -0.021371100375                     0.270854596090
 300                    -0.108810100226                     0.278298715734
 301                    -0.196249100078                     0.285742835377
 302                     0.835764850026                     0.290163877945
 303                    -0.283688099929                     0.293186955021
 304                     0.748152770163                     0.295175571707
 305                     0.553535841144                     0.298216287418
 306                    -0.371127099781                     0.300631074665
 307                     0.658667307764                     0.300766915308
 308                     0.466074532909                     0.305675955150
 309                    -0.458566099633                     0.308075194309
 310                     0.378635533057                     0.313120074794
 311                    -0.546005099484                     0.315519313953
 312                     0.291196533206                     0.320564194438
 313                    -0.633444099335                     0.322963433597
 314                     0.203673195975                     0.327968692133
 315                    -0.720553661606                     0.333589711088
 316                     0.116234196123                     0.335412811776
 317                    -0.895206675747                     0.335819818918
 318                     0.028795196271                     0.342856931420
 319                    -0.807770461506                     0.343296586361
 320                    -0.058643803580                     0.350301051064
 321                    -0.146082803432                     0.357745170708
 322                     0.884466687097                     0.363164731900
 323                    -0.233521803283                     0.365189290352
 324                     0.796895174538                     0.368841333037
 325                     0.604397520053                     0.369729106065
 326                    -0.320960803135                     0.372633409996
 327                     0.708114631382                     0.373264886310
 328                     0.516263137938                     0.377662742393
 329                    -0.408399802987                     0.380077529640
 330                     0.428801829703                     0.385122410126
 331                    -0.496532216683                     0.387999845682
 332                     0.341362829852                     0.392566529769
 333                     0.253839492622                     0.399971027464
 334                    -0.598882959222                     0.403626443767
 335                     0.166400492770                     0.407415147107
 336                    -0.685993126909                     0.414252980633
 337                     0.078961492918                     0.414859266752
 338                    -0.860646141050                     0.416483088463
 339                    -0.008477506934                     0.422303386395
 340                    -0.773209926808                     0.423959855906
 341                    -0.095916506785                     0.429747506039
 342                    -0.183355506637                     0.437191625683
 343                     0.654652195957                     0.442854839685
 344                     0.847049462463                     0.443030480320
 345                    -0.270794506489                     0.444635745327
 346                     0.756270429829                     0.446627088350
 347                     0.567124816847                     0.449175561040
 348                    -0.358233506341                     0.452079864971
 349                     0.478990434733                     0.457109197368
 350                    -0.445680911021                     0.459520040905
 351                     0.391529126498                     0.464568865100
 352                    -0.537012950263                     0.465860643399
 353                     0.304005789268                     0.471973362794
 354                     0.216566789416                     0.479417482438
 355                    -0.635924566357                     0.486323313341
 356                     0.129127789564                     0.486861602082
 357                     0.041688789712                     0.494305721726
 358                    -0.726239424265                     0.498086541405
 359                    -0.813920268277                     0.501700847087
 360                    -0.045750210139                     0.501749841370
 361                    -0.133189209991                     0.509193961014
 362                    -0.220628209843                     0.516638080658
 363                     0.705022523254                     0.517863635740
 364                     0.800951392268                     0.522155925279
 365                     0.617379492752                     0.522301294660
 366                    -0.308067209694                     0.524082200302
 367                     0.529852113642                     0.528622016015
 368                    -0.395514614375                     0.531522376236
 369                     0.441717731528                     0.536555652343
 370                    -0.484556038273                     0.538194802382
 371                     0.354172085914                     0.543975698126
 372                    -0.571929682902                     0.546370365757
 373                     0.266733086062                     0.551419817769
 374                     0.179294086210                     0.558863937413
 375                     0.091855086359                     0.566308057057
 376                    -0.671393397885                     0.566591336877
 377                     0.004416086507                     0.573752176701
 378                    -0.759925850232                     0.579898911133
 379                    -0.083022913345                     0.581196296345
 380                    -0.170461913196                     0.588640415989
 381                     0.749703485693                     0.593392472669
 382                    -0.257900913049                     0.596084535633
 383                     0.580106789546                     0.601747749635
 384                    -0.345348317728                     0.603524711567
 385                     0.492579410436                     0.608068470990
 386                    -0.434389741626                     0.610197137713
 387                     0.404360690943                     0.615962485368
 388                    -0.521763386256                     0.618372701087
 389                     0.665997443047                     0.619741894615
 390                     0.316899382708                     0.623422153100
 391                    -0.608959891993                     0.628260218449
 392                     0.229460382857                     0.630866272744
 393                     0.142021383005                     0.638310392388
 394                     0.054582383153                     0.645754512032
 395                    -0.702411213740                     0.648682071506
 396                    -0.032856616699                     0.653198631676
 397                    -0.120295616550                     0.660642751320
 398                    -0.207734616402                     0.668086870964
 399                    -0.295182021082                     0.675527046898
 400                     0.542749748962                     0.681154582660
 401                    -0.384223444980                     0.682199473044
 402                     0.455222369852                     0.687475304015
 403                    -0.471597089610                     0.690375036419
 404                     0.367087987737                     0.695408940343
 405                     0.279626679503                     0.702868608075
 406                     0.645731143843                     0.705124976832
 407                     0.192187679651                     0.710312727719
 408                    -0.639977707848                     0.710350953078
 409                     0.104748679800                     0.717756847363
 410                    -0.553118487669                     0.722859729286
 411                     0.017309679948                     0.725200967007
 412                    -0.070129319904                     0.732645086651
 413                    -0.157568319756                     0.740089206294
 414                    -0.245015724436                     0.747529382228
 415                    -0.334057148334                     0.754201808375
 416                     0.578361361830                     0.761359362077
 417                    -0.421430792963                     0.762377371750
 418                     0.417949666646                     0.766921758990
 419                     0.329815284532                     0.774855395318
 420                     0.242378610105                     0.782326821159
 421                     0.154914976446                     0.789759182694
 422                     0.067475976594                     0.797203302338
 423                     0.499385779108                     0.799619667171
 424                    -0.518337110602                     0.803428019709
 425                    -0.019963023257                     0.804647421982
 426                    -0.107409640877                     0.812096848565
 427                    -0.194849427790                     0.819531717560
 428                    -0.283890851688                     0.826204143706
 429                    -0.442490920154                     0.847568126266
 430                     0.430350503741                     0.853796455258
 431                     0.342944898964                     0.861622940156
 432                     0.205081104713                     0.861761635340
 433                     0.117652782732                     0.869330131095
 434                    -0.358380530731                     0.872596829857
 435                     0.030203273389                     0.876649757312
 436                    -0.057235727490                     0.884093876474
 437                    -0.193454292815                     0.907275932245
 438                    -0.280958446452                     0.913910441152
 439                     0.274067637533                     0.916000476603
 440                     0.167921453315                     0.941261031063
 441                    -0.116267134792                     0.949026815453
 442                     0.080853367245                     0.952655020562
 443                    -0.007069430844                     0.956096211805
