   1                    -0.045851788526                    -0.953455100013
   2                     0.128808825131                    -0.945826252976
   3                    -0.136041650022                    -0.942017231333
   4                    -0.225730154362                    -0.927267472479
   5                     0.040392729427                    -0.924781801967
   6                     0.238687749223                    -0.923893889675
   7                    -0.314483200919                    -0.901265405189
   8                     0.328439546533                    -0.896273592473
   9                    -0.077680314453                    -0.868324495439
  10                     0.168835829516                    -0.864228986983
  11                     0.414373819713                    -0.859926364166
  12                    -0.414953026349                    -0.859647020686
  13                     0.013629668581                    -0.837925521412
  14                    -0.249375666845                    -0.837851811185
  15                     0.254032066448                    -0.832576560370
  16                    -0.159044344648                    -0.827825489426
  17                    -0.336847217235                    -0.813173829701
  18                     0.505806470467                    -0.809530004808
  19                     0.098825905513                    -0.806273094800
  20                     0.341024475538                    -0.806259348161
  21                    -0.534123313086                    -0.791132922251
  22                    -0.056380255422                    -0.779969629229
  23                     0.184022142444                    -0.774620668187
  24                    -0.444898386406                    -0.773835889073
  25                     0.424176146831                    -0.769570460757
  26                    -0.211586416357                    -0.753666163659
  27                     0.028815981509                    -0.748317202616
  28                     0.269218379376                    -0.742968241575
  29                    -0.606669831769                    -0.736381321852
  30                     0.555503653899                    -0.733434900783
  31                    -0.366792577292                    -0.727362698088
  32                    -0.126390179426                    -0.722013737046
  33                     0.114012218441                    -0.716664776004
  34                     0.354414616307                    -0.711315814962
  35                     0.642217093331                    -0.706212587883
  36                    -0.521998738227                    -0.701059232517
  37                    -0.281596340361                    -0.695710271475
  38                    -0.041193942494                    -0.690361310433
  39                     0.199208455372                    -0.685012349391
  40                     0.439809857903                    -0.679743526767
  41                    -0.678302224861                    -0.671628696528
  42                    -0.436802501296                    -0.669406805905
  43                    -0.196400103429                    -0.664057844862
  44                     0.044002294437                    -0.658708883820
  45                     0.284404692303                    -0.653359922778
  46                     0.524949329140                    -0.647838708483
  47                    -0.592008662229                    -0.643103340332
  48                     0.706470338190                    -0.641933544465
  49                    -0.351606264364                    -0.637754379292
  50                    -0.111203866498                    -0.632405418250
  51                     0.129198531369                    -0.627056457208
  52                     0.369600929235                    -0.621707496166
  53                     0.611662768572                    -0.620616395583
  54                    -0.506812425298                    -0.611450913720
  55                    -0.266410027433                    -0.606101952679
  56                    -0.026007629566                    -0.600752991637
  57                     0.214394768300                    -0.595404030595
  58                     0.454797166167                    -0.590055069553
  59                    -0.674777968437                    -0.580810997183
  60                    -0.421616188367                    -0.579798487108
  61                    -0.181213790502                    -0.574449526066
  62                     0.764319090508                    -0.571835065501
  63                    -0.765108583026                    -0.570778302347
  64                     0.059188607365                    -0.569100565025
  65                     0.299591005231                    -0.563751603983
  66                     0.544199202064                    -0.559014627907
  67                    -0.577640838460                    -0.553360148179
  68                    -0.336419951436                    -0.548146060495
  69                    -0.096017553570                    -0.542797099454
  70                     0.144384844296                    -0.537448138412
  71                     0.384787242163                    -0.532099177370
  72                     0.630912641496                    -0.531792315007
  73                    -0.492444601529                    -0.521707721567
  74                    -0.251223714505                    -0.516493633882
  75                    -0.010821316639                    -0.511144672841
  76                     0.229581081228                    -0.505795711799
  77                     0.469983479094                    -0.500446750758
  78                     0.815238923592                    -0.496552627334
  79                     0.714403855310                    -0.495882816075
  80                    -0.646764417828                    -0.494349931495
  81                    -0.407248364597                    -0.490055294954
  82                    -0.166027477573                    -0.484841207270
  83                    -0.737095032417                    -0.484317236659
  84                     0.074374920293                    -0.479492246229
  85                    -0.827572823850                    -0.475712345306
  86                     0.314777318159                    -0.474143285187
  87                     0.555179716026                    -0.468794324145
  88                    -0.561568180896                    -0.462697504882
  89                    -0.322052127666                    -0.458402868342
  90                    -0.080831240642                    -0.453188780658
  91                     0.159571157224                    -0.447839819616
  92                     0.399973555091                    -0.442490858574
  93                     0.641785345550                    -0.441230945678
  94                    -0.476371943965                    -0.431045078270
  95                    -0.236855890734                    -0.426750441729
  96                     0.004364996289                    -0.421536354045
  97                     0.244767394156                    -0.416187393004
  98                     0.485169792022                    -0.410838431962
  99                     0.816310562866                    -0.405672890940
 100                     0.725424508558                    -0.405667406638
 101                    -0.631578104900                    -0.404741612699
 102                    -0.774881873625                    -0.401658725123
 103                    -0.391175707033                    -0.399392651657
 104                    -0.151659653803                    -0.395098015117
 105                    -0.867575487678                    -0.394101131204
 106                     0.089561233221                    -0.389883927433
 107                     0.329963631087                    -0.384534966391
 108                     0.570366028954                    -0.379186005350
 109                    -0.546381867968                    -0.373089186087
 110                    -0.305979470102                    -0.367740225045
 111                    -0.066463416871                    -0.363445588504
 112                     0.174757470152                    -0.358231500820
 113                     0.415159868019                    -0.352882539779
 114                     0.888100705846                    -0.349937352289
 115                     0.655562265885                    -0.347533578737
 116                    -0.701588028904                    -0.346785720516
 117                    -0.461185631037                    -0.341436759474
 118                    -0.220783233170                    -0.336087798432
 119                     0.018732820060                    -0.331793161892
 120                     0.259953707084                    -0.326579074208
 121                     0.500356104950                    -0.321230113166
 122                     0.740838759003                    -0.316098015768
 123                    -0.616391791972                    -0.315133293903
 124                    -0.785290151139                    -0.311370615956
 125                    -0.902320745354                    -0.310089142496
 126                    -0.375989394106                    -0.309784332862
 127                    -0.135586996239                    -0.304435371820
 128                     0.103929056991                    -0.300140735279
 129                     0.345149944015                    -0.294926647595
 130                     0.585552341882                    -0.289577686554
 131                     0.825784321186                    -0.283778882683
 132                    -0.531195555041                    -0.283480867291
 133                    -0.290793157174                    -0.278131906249
 134                    -0.050390759308                    -0.272782945207
 135                     0.189125293923                    -0.268488308667
 136                     0.917355918562                    -0.263888485785
 137                     0.430346180947                    -0.263274220983
 138                     0.671153111673                    -0.257652773442
 139                    -0.686401715976                    -0.257177401720
 140                    -0.445999318109                    -0.251828440678
 141                    -0.205596920243                    -0.246479479637
 142                     0.034805477624                    -0.241130518595
 143                    -0.838690897273                    -0.237827191980
 144                     0.274321530854                    -0.236835882055
 145                     0.515542417878                    -0.231621794370
 146                    -0.601205479044                    -0.225524975107
 147                     0.756930127910                    -0.224454562493
 148                    -0.928270258511                    -0.222470990051
 149                    -0.360803081178                    -0.220176014066
 150                    -0.120400683311                    -0.214827053024
 151                     0.120001714555                    -0.209478091982
 152                     0.359517767786                    -0.205183455442
 153                     0.600738654810                    -0.199969367758
 154                    -0.756411639979                    -0.199221509536
 155                     0.855039533902                    -0.197730016179
 156                    -0.516009242113                    -0.193872548495
 157                    -0.275606844246                    -0.188523587453
 158                    -0.035204446380                    -0.183174626411
 159                     0.205197951487                    -0.177825665370
 160                     0.444714004717                    -0.173531028830
 161                     0.685780298269                    -0.167903906972
 162                    -0.671215403048                    -0.167569082924
 163                     0.940335335829                    -0.164159283337
 164                    -0.430813005181                    -0.162220121883
 165                    -0.190410607315                    -0.156871160841
 166                     0.049991790552                    -0.151522199799
 167                     0.290394188418                    -0.146173238757
 168                     0.529910241648                    -0.141878602217
 169                    -0.826421563983                    -0.141265617354
 170                     0.782913394204                    -0.137361825882
 171                    -0.586019166116                    -0.135916656312
 172                    -0.916864663516                    -0.132303438789
 173                    -0.345616768250                    -0.130567695270
 174                    -0.105214370383                    -0.125218734228
 175                     0.135188027483                    -0.119869773186
 176                     0.375590425350                    -0.114520812144
 177                     0.615106478579                    -0.110226175605
 178                    -0.741225327052                    -0.109613190741
 179                     0.868893833708                    -0.107906114713
 180                    -0.500822929185                    -0.104264229699
 181                    -0.260420531318                    -0.098915268658
 182                    -0.020018133452                    -0.093566307616
 183                     0.220384264415                    -0.088217346574
 184                     0.460786662281                    -0.082868385532
 185                     0.700148122039                    -0.078160714819
 186                    -0.656029090120                    -0.077960764128
 187                    -0.415626692253                    -0.072611803087
 188                     0.951918057373                    -0.070929727888
 189                    -0.175224294387                    -0.067262842045
 190                     0.065178103480                    -0.061913881003
 191                     0.305580501346                    -0.056564919961
 192                    -0.811306535961                    -0.051645198757
 193                     0.545982899212                    -0.051215958919
 194                    -0.953296495458                    -0.049038821339
 195                     0.785344358970                    -0.046508288207
 196                    -0.570832853189                    -0.046308337516
 197                    -0.330430455322                    -0.040959376474
 198                    -0.090028057455                    -0.035610415432
 199                     0.150374340411                    -0.030261454391
 200                     0.390776738277                    -0.024912493348
 201                    -0.726039014124                    -0.020004871945
 202                     0.631024542672                    -0.019150498133
 203                     0.871324798474                    -0.017052577038
 204                    -0.485636616257                    -0.014655910903
 205                    -0.245234218391                    -0.009306949862
 206                    -0.004831820524                    -0.003957988820
 207                     0.235570577342                     0.001390972222
 208                    -0.881288159247                     0.006414532155
 209                     0.475972975209                     0.006739933264
 210                    -0.640842777192                     0.011647554667
 211                     0.716220779604                     0.012501928480
 212                    -0.400440379326                     0.016996515709
 213                     0.954349022137                     0.019923809787
 214                    -0.160037981459                     0.022345476751
 215                     0.080364416407                     0.027694437793
 216                     0.320766814274                     0.033043398835
 217                    -0.796048938127                     0.037951020239
 218                     0.561014618669                     0.038805394050
 219                    -0.555646540261                     0.043299981280
 220                     0.802031925973                     0.044121716209
 221                    -0.315244142394                     0.048648942321
 222                    -0.074841744528                     0.053997903363
 223                     0.165560653339                     0.059346864405
 224                    -0.952481664869                     0.062910192651
 225                     0.405963051205                     0.064695825448
 226                    -0.710852701196                     0.069603446851
 227                     0.646210855600                     0.070457820663
 228                    -0.470450303329                     0.074952407892
 229                    -0.230047905463                     0.080301368934
 230                     0.010354492404                     0.085650329976
 231                     0.895948513037                     0.089563277292
 232                     0.250756890270                     0.090999291018
 233                    -0.867958234864                     0.096317746857
 234                     0.491004694665                     0.096761286233
 235                    -0.625656464264                     0.101255873463
 236                     0.731407092531                     0.102110247276
 237                    -0.385254066398                     0.106604834505
 238                    -0.144851668532                     0.111953795546
 239                     0.095550729335                     0.117302756589
 240                     0.335953127201                     0.122651717631
 241                    -0.782418395969                     0.127832942841
 242                     0.576200931596                     0.128413712846
 243                    -0.540460227333                     0.132908300076
 244                     0.816575513332                     0.133837443750
 245                    -0.300057829467                     0.138257261117
 246                    -0.059655431600                     0.143606222159
 247                     0.180746966267                     0.148955183201
 248                    -0.940570792468                     0.153326941792
 249                     0.420994770661                     0.154717178417
 250                    -0.695666388268                     0.159211765647
 251                     0.661397168527                     0.160066139459
 252                    -0.455263990401                     0.164560726688
 253                     0.939408153257                     0.169385170090
 254                    -0.214861592535                     0.169909687730
 255                     0.025540805331                     0.175258648772
 256                     0.265943203198                     0.180607609814
 257                    -0.854430681766                     0.186191437139
 258                     0.506191007593                     0.186369605029
 259                    -0.610470151336                     0.190864192259
 260                     0.746565589328                     0.191793335933
 261                    -0.370067753470                     0.196213153301
 262                    -0.129665355604                     0.201562114342
 263                     0.110737042263                     0.206911075384
 264                     0.350984846657                     0.212673070600
 265                    -0.765679175163                     0.217164199322
 266                     0.591387244524                     0.218022031642
 267                    -0.525273914405                     0.222516618872
 268                     0.833615852250                     0.223309609880
 269                    -0.284871516539                     0.227865579913
 270                    -0.044469118672                     0.233214540955
 271                     0.195933279194                     0.238563501997
 272                     0.436181083589                     0.244325497213
 273                    -0.922075927730                     0.246890659508
 274                    -0.680480075340                     0.248820084442
 275                     0.676555665324                     0.249749228116
 276                    -0.440077677474                     0.254169045484
 277                     0.919040707916                     0.257959670190
 278                    -0.199675279607                     0.259518006526
 279                     0.040727118259                     0.264866967568
 280                     0.280974922654                     0.270628962783
 281                    -0.835686236186                     0.275123549773
 282                     0.521377320520                     0.275977923825
 283                    -0.595283838409                     0.280472511055
 284                     0.761751902256                     0.281401654729
 285                    -0.354881440542                     0.285821472097
 286                    -0.114479042676                     0.291170433138
 287                     0.125923355190                     0.296519394180
 288                     0.366171159585                     0.302281389396
 289                    -0.750489999344                     0.306775976626
 290                     0.606545741321                     0.307705120299
 291                    -0.510087601477                     0.312124937667
 292                     0.846885598713                     0.313221909682
 293                    -0.269685203611                     0.317473898709
 294                    -0.029282805745                     0.322822859751
 295                     0.210964998650                     0.328584854966
 296                     0.451367396517                     0.333933816009
 297                    -0.665293762412                     0.338428403238
 298                     0.691741978252                     0.339357546912
 299                    -0.424891364546                     0.343777364280
 300                    -0.184488966679                     0.349126325322
 301                    -0.888408673059                     0.349154756354
 302                     0.055913431187                     0.354475286363
 303                     0.296161235582                     0.360237281579
 304                     0.536535817317                     0.365661012482
 305                    -0.580097525481                     0.370080829851
 306                     0.779299745465                     0.373987256209
 307                    -0.339695127614                     0.375429790893
 308                    -0.099292729748                     0.380778751935
 309                     0.140955074646                     0.386540747149
 310                     0.381357472513                     0.391889708192
 311                    -0.735303686416                     0.396384295421
 312                     0.621732054248                     0.397313439095
 313                    -0.494901288549                     0.401733256463
 314                     0.865717005851                     0.402135648794
 315                    -0.254498890683                     0.407082217505
 316                    -0.014096492816                     0.412431178548
 317                    -0.824508492985                     0.413784794915
 318                     0.226151311577                     0.418193173762
 319                     0.466525893313                     0.423616904666
 320                    -0.650107449484                     0.428036722034
 321                     0.706928291180                     0.428965865707
 322                    -0.409705051618                     0.433385683076
 323                    -0.169302653751                     0.438734644118
 324                     0.070945150644                     0.444496639334
 325                     0.311347548508                     0.449845600375
 326                     0.551722130245                     0.455269331278
 327                    -0.564911212553                     0.459689148646
 328                    -0.324508814686                     0.465038109688
 329                    -0.084106416820                     0.470387070731
 330                     0.156141387575                     0.476149065947
 331                     0.396515969309                     0.481572796848
 332                     0.823547882087                     0.482646765410
 333                    -0.720117373488                     0.485992614217
 334                     0.637218336586                     0.487285792308
 335                    -0.479714975621                     0.491341575259
 336                    -0.239312577755                     0.496690536301
 337                     0.000935226640                     0.502452531517
 338                    -0.810877820669                     0.503642903452
 339                     0.241337624506                     0.507801492560
 340                     0.481712206239                     0.513225223462
 341                     0.738334554976                     0.514253153694
 342                    -0.634921136557                     0.517645040830
 343                    -0.394518738690                     0.522994001872
 344                    -0.154116340823                     0.528342962914
 345                     0.086131463571                     0.534104958130
 346                     0.326506045308                     0.539528689035
 347                     0.566908443170                     0.544877650075
 348                    -0.549724899625                     0.549297467442
 349                    -0.309322501759                     0.554646428484
 350                    -0.069074697364                     0.560408423700
 351                     0.171327700502                     0.565757384743
 352                     0.411702282248                     0.571181115660
 353                    -0.750560112409                     0.571628556115
 354                     0.651305437416                     0.578603341469
 355                    -0.464528662694                     0.580949894055
 356                    -0.224126264827                     0.586298855097
 357                     0.016121539567                     0.592060850313
 358                     0.256496121303                     0.597484581216
 359                     0.738231416168                     0.605139149645
 360                    -0.619734823629                     0.607253359625
 361                     0.506010559283                     0.612344105741
 362                    -0.379332425762                     0.612602320667
 363                    -0.139084621367                     0.618364315883
 364                     0.101317776499                     0.623713276926
 365                     0.341692358234                     0.629137007831
 366                    -0.534538586697                     0.638905786238
 367                    -0.294136188831                     0.644254747280
 368                     0.590407553546                     0.646069797118
 369                    -0.701051831867                     0.647846697365
 370                    -0.053888384436                     0.650016742496
 371                     0.186486197299                     0.655440473399
 372                     0.428885869025                     0.660427960104
 373                     0.677333532299                     0.672605605296
 374                    -0.209094545371                     0.676320208066
 375                     0.031307852495                     0.681669169109
 376                    -0.455386168498                     0.683648959939
 377                     0.271682434230                     0.687092900014
 378                    -0.364146112834                     0.702210639463
 379                     0.519995872324                     0.703536918547
 380                    -0.123898308440                     0.707972634679
 381                    -0.636260778121                     0.711583611725
 382                     0.116476273296                     0.713396365583
 383                     0.356878671161                     0.718745326626
 384                    -0.547044902153                     0.728927266849
 385                    -0.279667332470                     0.735736738196
 386                     0.603979743871                     0.738652252643
 387                    -0.038702071508                     0.739625061292
 388                     0.201672510144                     0.745048792419
 389                     0.442092889536                     0.750349311889
 390                    -0.193908232444                     0.765928526862
 391                     0.046466349292                     0.771352257766
 392                    -0.423051556753                     0.771423525362
 393                     0.286868747158                     0.776701218810
 394                     0.530054681353                     0.793864628905
 395                    -0.108711995512                     0.797580953475
 396                     0.131665370955                     0.803008048455
 397                    -0.339034460129                     0.806084777110
 398                    -0.505464120949                     0.809743809290
 399                     0.362224010111                     0.827513217816
 400                    -0.023543574712                     0.829308149949
 401                    -0.252894989207                     0.835072126886
 402                     0.216376708540                     0.835936255642
 403                     0.452151698565                     0.840677022248
 404                     0.061652662219                     0.860960576562
 405                    -0.411060532981                     0.861515091264
 406                    -0.166100538878                     0.868056693898
 407                    -0.326865225018                     0.896414802173
 408                     0.310887404264                     0.902512069793
 409                     0.133467015129                     0.916664917631
 410                    -0.034160821593                     0.919571924335
 411                    -0.237254403413                     0.924602272500
 412                     0.223644950294                     0.927988119783
 413                    -0.120848466891                     0.946876265571
 414                     0.050262051048                     0.953232783991
