   1                     0.035553902953                    -0.955134500665
   2                    -0.052850469400                    -0.954333705923
   3                     0.132375185986                    -0.946584811051
   4                    -0.140802671950                    -0.945367971717
   5                     0.219271215500                    -0.930304320333
   6                     0.304291238551                    -0.906064477020
   7                    -0.305591675941                    -0.905626701225
   8                    -0.217302064314                    -0.901052993536
   9                     0.077468413061                    -0.877293970312
  10                    -0.387962278938                    -0.873516608026
  11                    -0.041665699773                    -0.866636070540
  12                     0.164364442575                    -0.861013479595
  13                    -0.132610457909                    -0.856994695846
  14                     0.428979026667                    -0.854121179375
  15                    -0.467013614783                    -0.833933017684
  16                     0.248514420769                    -0.828883433812
  17                     0.344696458243                    -0.827429926441
  18                    -0.298419672823                    -0.817510092719
  19                    -0.210130061195                    -0.812936385030
  20                     0.506062806193                    -0.810830704010
  21                     0.023703036496                    -0.807113783606
  22                    -0.542069348388                    -0.787214593307
  23                    -0.388629002221                    -0.784760382192
  24                    -0.060529144215                    -0.780263940851
  25                     0.177149951529                    -0.773534881732
  26                     0.411033436934                    -0.767553690487
  27                     0.578816892497                    -0.760603049781
  28                    -0.144761324926                    -0.753414098096
  29                     0.091508045278                    -0.749765830644
  30                    -0.466028749355                    -0.741670389997
  31                     0.326750868510                    -0.740862437553
  32                    -0.317283117264                    -0.731137963030
  33                    -0.228993505637                    -0.726564255340
  34                     0.488117216459                    -0.724263215122
  35                     0.005350032252                    -0.720631753343
  36                     0.242518687799                    -0.714012594798
  37                    -0.636564149833                    -0.712974107191
  38                     0.647179446758                    -0.703341852788
  39                    -0.549251773230                    -0.699098833668
  40                    -0.078882148459                    -0.693781910587
  41                     0.154950949232                    -0.687959309164
  42                     0.395631604749                    -0.680497628730
  43                    -0.389448656142                    -0.680068311360
  44                     0.560871302764                    -0.674035560893
  45                    -0.163114329170                    -0.666932067832
  46                     0.070718768521                    -0.661109466409
  47                     0.307887424068                    -0.654490307864
  48                    -0.473680836853                    -0.653218468604
  49                    -0.699718245220                    -0.651107035504
  50                    -0.247346509881                    -0.640082225077
  51                     0.472715384275                    -0.637207153364
  52                     0.714955562621                    -0.634337873577
  53                    -0.013513412190                    -0.634259623653
  54                     0.220319685502                    -0.628437022230
  55                    -0.591858437108                    -0.621634993610
  56                     0.628294314087                    -0.616850668943
  57                    -0.331578690592                    -0.613232382321
  58                    -0.097745592901                    -0.607409780898
  59                     0.136087504791                    -0.601587179475
  60                     0.373256160337                    -0.594968020929
  61                     0.545217063620                    -0.586615841705
  62                    -0.415810871303                    -0.586382539566
  63                    -0.756885800387                    -0.583669323803
  64                    -0.181977773612                    -0.580559938143
  65                     0.051855324080                    -0.574737336719
  66                    -0.663840079727                    -0.570306468896
  67                    -0.502656179270                    -0.569693555994
  68                     0.285688421771                    -0.568914735296
  69                     0.763484439336                    -0.560439819150
  70                    -0.266209954322                    -0.553710095387
  71                     0.450339939862                    -0.551677545563
  72                    -0.032376856631                    -0.547887493964
  73                     0.201456241060                    -0.542064892541
  74                     0.666820293134                    -0.537278542782
  75                    -0.583397452076                    -0.533632800140
  76                    -0.350442135033                    -0.526860252632
  77                    -0.116609037342                    -0.521037651208
  78                     0.117224060349                    -0.515215049785
  79                    -0.807577710083                    -0.511237945142
  80                     0.351057158040                    -0.509392448362
  81                     0.583743042666                    -0.507043715544
  82                    -0.719678756258                    -0.501764390386
  83                    -0.434674315744                    -0.500010409876
  84                    -0.200841218053                    -0.494187808453
  85                     0.819442800665                    -0.491995417475
  86                     0.032991879638                    -0.488365207030
  87                     0.266824977329                    -0.482542605607
  88                     0.500046944161                    -0.478566752605
  89                     0.732189029402                    -0.477756255847
  90                    -0.518906496455                    -0.473160567121
  91                    -0.285073398764                    -0.467337965698
  92                    -0.051240301073                    -0.461515364274
  93                     0.182592796618                    -0.455692762851
  94                     0.416425894310                    -0.449870161428
  95                    -0.603522464284                    -0.447545877748
  96                     0.649111778935                    -0.447521428610
  97                    -0.369305579475                    -0.440488122942
  98                    -0.135472481784                    -0.434665521519
  99                    -0.775255222697                    -0.428950454401
 100                     0.098360615907                    -0.428842920096
 101                     0.332193713598                    -0.423020318672
 102                    -0.687356268872                    -0.419476899645
 103                     0.565415680429                    -0.419044465671
 104                    -0.453537760186                    -0.413638280186
 105                    -0.862142222206                    -0.412621840268
 106                    -0.219704662495                    -0.407815678763
 107                     0.826250291025                    -0.403849899164
 108                     0.014128435196                    -0.401993077340
 109                     0.247961532887                    -0.396170475917
 110                     0.716834532636                    -0.390691832847
 111                     0.481794630579                    -0.390347874494
 112                    -0.537769940897                    -0.386788437431
 113                    -0.303936843205                    -0.380965836008
 114                    -0.070103745514                    -0.375143234585
 115                     0.163729352177                    -0.369320633162
 116                     0.397562449868                    -0.363498031739
 117                     0.631925503010                    -0.360799999636
 118                    -0.622002121607                    -0.359938594675
 119                    -0.388169023917                    -0.354115993252
 120                    -0.154335926225                    -0.348293391829
 121                     0.891619027294                    -0.344327612229
 122                    -0.794131231873                    -0.342581069774
 123                     0.079497171466                    -0.342470790406
 124                     0.313330269157                    -0.336648188983
 125                    -0.706234302318                    -0.333088751920
 126                     0.548302312258                    -0.332100853741
 127                    -0.896579460993                    -0.331196715718
 128                     0.779797018906                    -0.328629769991
 129                    -0.472401204627                    -0.327266150497
 130                    -0.238568106936                    -0.321443549074
 131                    -0.004735009245                    -0.315620947651
 132                     0.229098088446                    -0.309798346228
 133                     0.462931186137                    -0.303975744804
 134                    -0.556633385338                    -0.300416307742
 135                     0.696140985927                    -0.300035321763
 136                    -0.322800287647                    -0.294593706318
 137                    -0.088967189956                    -0.288771104895
 138                     0.144865907735                    -0.282948503472
 139                     0.378699005426                    -0.277125902049
 140                    -0.640865566049                    -0.273566464986
 141                     0.612532103117                    -0.271303300626
 142                     0.845165755175                    -0.269107483057
 143                    -0.407032468358                    -0.267743863563
 144                    -0.837422123735                    -0.265497524156
 145                    -0.173199370667                    -0.261921262140
 146                     0.060633727024                    -0.256098660717
 147                     0.294466824715                    -0.250276059293
 148                    -0.749172533504                    -0.249957178106
 149                     0.528299922406                    -0.244453457871
 150                    -0.924176444057                    -0.243294260045
 151                    -0.491264649069                    -0.240894020807
 152                     0.761509722196                    -0.240513034829
 153                    -0.257431551378                    -0.235071419384
 154                     0.926558870623                    -0.234594658180
 155                    -0.023598453687                    -0.229248817961
 156                     0.210234644004                    -0.223426216538
 157                     0.444067741695                    -0.217603615115
 158                    -0.575496829780                    -0.214044178052
 159                     0.677900839386                    -0.211781013692
 160                    -0.341663732089                    -0.208221576629
 161                    -0.107830634398                    -0.202398975206
 162                     0.126002463293                    -0.196576373783
 163                     0.359835560984                    -0.190753772360
 164                    -0.659729010491                    -0.187194335297
 165                     0.593668658676                    -0.184931170936
 166                    -0.425895912800                    -0.181371733873
 167                     0.826878458466                    -0.180990747895
 168                    -0.830719429522                    -0.177343975087
 169                    -0.192062815109                    -0.175549132450
 170                     0.041770282583                    -0.169726531027
 171                     0.275603380274                    -0.163903929604
 172                    -0.743961191202                    -0.160344492541
 173                     0.509436477965                    -0.158081328181
 174                    -0.939735377398                    -0.155998512982
 175                    -0.510128093511                    -0.154521891118
 176                     0.743269575656                    -0.152258726758
 177                    -0.276294995819                    -0.148699289695
 178                     0.908888474013                    -0.147970577192
 179                    -0.042461898128                    -0.142876688272
 180                     0.191371199563                    -0.137054086849
 181                     0.425204297254                    -0.131231485425
 182                    -0.594360274222                    -0.127672048362
 183                     0.659037394945                    -0.125408884002
 184                    -0.360527176530                    -0.121849446939
 185                    -0.126694078839                    -0.116026845516
 186                     0.107139018852                    -0.110204244093
 187                     0.340972116543                    -0.104381642670
 188                    -0.678592454932                    -0.100822205607
 189                     0.574805214234                    -0.098559041247
 190                    -0.870690044132                    -0.098487622831
 191                    -0.444759357241                    -0.094999604184
 192                     0.811098080311                    -0.093940230899
 193                    -0.210926259550                    -0.089177002761
 194                     0.022906838141                    -0.083354401337
 195                    -0.778715955029                    -0.077952000364
 196                     0.256739935832                    -0.077531799914
 197                     0.490573033523                    -0.071709198491
 198                     0.953123534266                    -0.071424945261
 199                    -0.528991537952                    -0.068149761428
 200                    -0.953422199804                    -0.067320897929
 201                     0.724406131214                    -0.065886597068
 202                    -0.295158440261                    -0.062327160005
 203                    -0.061325342570                    -0.056504558582
 204                     0.172507755121                    -0.050681957159
 205                     0.406340852812                    -0.044859355736
 206                    -0.613223718663                    -0.041299918673
 207                     0.640173950503                    -0.039036754313
 208                    -0.379390620972                    -0.035477317250
 209                     0.874901658587                    -0.030226492759
 210                    -0.145557523281                    -0.029654715827
 211                     0.088275574410                    -0.023832114404
 212                     0.322108672101                    -0.018009512980
 213                    -0.697455899374                    -0.014450075917
 214                     0.555941769792                    -0.012186911557
 215                    -0.867625613087                    -0.010132749815
 216                    -0.463622801683                    -0.008627474494
 217                     0.789774867483                    -0.006364310134
 218                    -0.229789703992                    -0.002804873071
 219                     0.004043393699                     0.003017728352
 220                     0.237876491391                     0.008840329775
 221                    -0.781934235105                     0.011614941163
 222                     0.471709589082                     0.014662931198
 223                     0.955645745689                     0.016947068255
 224                    -0.547854982394                     0.018222368261
 225                     0.705542686773                     0.020485532621
 226                    -0.955563928849                     0.021061155227
 227                    -0.314021884703                     0.024044969684
 228                    -0.080188787011                     0.029867571107
 229                     0.153644310680                     0.035690172531
 230                     0.387477408371                     0.041512773954
 231                    -0.632087163105                     0.045072211017
 232                     0.621310506062                     0.047335375377
 233                    -0.398254065414                     0.050894812440
 234                    -0.164420967722                     0.056717413863
 235                     0.875107554954                     0.058181266685
 236                     0.069412129969                     0.062540015286
 237                     0.303245227660                     0.068362616709
 238                    -0.716319343815                     0.071922053772
 239                     0.537078325351                     0.074185218132
 240                    -0.886489057528                     0.076239379875
 241                    -0.482486246124                     0.077744655195
 242                     0.770911423042                     0.080007819556
 243                    -0.248653148433                     0.083567256618
 244                    -0.014820050742                     0.089389858041
 245                     0.219013046949                     0.095212459465
 246                    -0.800797679546                     0.097987070853
 247                     0.452846144640                     0.101035060888
 248                    -0.566718426835                     0.104594497951
 249                     0.949991792304                     0.105174088687
 250                     0.686679242331                     0.106857662311
 251                    -0.332885329144                     0.110417099374
 252                    -0.099052231453                     0.116239700797
 253                     0.134780866238                     0.122062302220
 254                     0.368613963929                     0.127884903643
 255                    -0.650950607546                     0.131444340706
 256                     0.602447061620                     0.133707505066
 257                    -0.417117509855                     0.137266942129
 258                     0.837481842263                     0.138183017090
 259                    -0.945128501959                     0.142401225979
 260                    -0.183284412164                     0.143089543552
 261                     0.050548685527                     0.148912144976
 262                     0.284381783218                     0.154734746399
 263                    -0.735966809793                     0.158126602050
 264                     0.518214880909                     0.160557347822
 265                    -0.501349690566                     0.164116784885
 266                    -0.859437123978                     0.164148916957
 267                     0.753786049674                     0.166741335395
 268                    -0.267516592875                     0.169939386308
 269                    -0.033683495184                     0.175761987731
 270                     0.200149602507                     0.181584589154
 271                     0.433982700198                     0.187407190577
 272                    -0.585581871277                     0.190966627640
 273                     0.936210047323                     0.192501277057
 274                     0.667815797890                     0.193229792000
 275                    -0.351748773586                     0.196789229063
 276                    -0.117915675895                     0.202611830487
 277                     0.115917421796                     0.208434431910
 278                     0.349750519487                     0.214257033333
 279                    -0.669814051988                     0.217816470396
 280                     0.583583617179                     0.220079634756
 281                    -0.435980954297                     0.223639071819
 282                     0.854005132822                     0.225033205301
 283                    -0.927927857533                     0.229119806195
 284                    -0.202147856606                     0.229461673242
 285                     0.031685241085                     0.235284274665
 286                     0.265518338777                     0.241106876088
 287                    -0.754046232698                     0.244666313151
 288                     0.499351436468                     0.246929477511
 289                    -0.520213135007                     0.250488914574
 290                    -0.842236479551                     0.250867497173
 291                     0.733184534159                     0.252752078934
 292                    -0.286380037316                     0.256311515998
 293                    -0.052546939625                     0.262134117421
 294                     0.181286158066                     0.267956718844
 295                     0.415119255757                     0.273779320267
 296                    -0.604445315718                     0.277338757330
 297                     0.648952353448                     0.279601921690
 298                    -0.370612218027                     0.283161358753
 299                    -0.136779120336                     0.288983960176
 300                     0.097053977355                     0.294806561599
 301                     0.908597095450                     0.296061857685
 302                     0.807692145687                     0.300339788983
 303                     0.330887075046                     0.300629163022
 304                    -0.688677496429                     0.304188600085
 305                     0.564720172737                     0.306451764445
 306                    -0.454844398738                     0.310011201508
 307                    -0.221011301047                     0.315833802932
 308                    -0.902062131744                     0.315958707508
 309                     0.012821796644                     0.321656404355
 310                     0.246654894335                     0.327479005778
 311                     0.480487992026                     0.333301607201
 312                    -0.539076579449                     0.336861044264
 313                     0.714321089717                     0.339124208624
 314                    -0.781664096225                     0.341107852994
 315                    -0.305243481758                     0.342683645687
 316                    -0.071410384067                     0.348506247110
 317                     0.162422713624                     0.354328848533
 318                     0.396255811315                     0.360151449956
 319                    -0.623308760160                     0.363710887019
 320                     0.630088909006                     0.365974051379
 321                    -0.389475662469                     0.369533488443
 322                    -0.155642564778                     0.375356089866
 323                     0.877169720858                     0.379105098359
 324                     0.078190532913                     0.381178691289
 325                     0.788828701245                     0.386711918673
 326                     0.312023630604                     0.387001292712
 327                    -0.707540940870                     0.390560729775
 328                     0.545856728295                     0.392823894135
 329                    -0.473707843179                     0.396383331198
 330                    -0.869009396745                     0.397955603988
 331                    -0.239874745489                     0.402205932621
 332                    -0.006041647798                     0.408028534044
 333                     0.227791449894                     0.413851135467
 334                     0.461624547584                     0.419673736890
 335                    -0.557940023891                     0.423233173954
 336                     0.706436052310                     0.427656803220
 337                    -0.324106926200                     0.429055775377
 338                    -0.786635639096                     0.430057603523
 339                    -0.090273828509                     0.434878376800
 340                     0.143559269183                     0.440700978223
 341                     0.377392366874                     0.446523579646
 342                    -0.642172204601                     0.450083016709
 343                     0.611225464565                     0.452346181069
 344                    -0.408339106911                     0.455905618132
 345                     0.837560468938                     0.460476335167
 346                    -0.174506009219                     0.461728219555
 347                     0.059327088472                     0.467550820978
 348                     0.293160186163                     0.473373422401
 349                     0.526993283854                     0.479196023825
 350                    -0.492571287621                     0.482755460888
 351                    -0.258738189930                     0.488578062311
 352                    -0.024905092239                     0.494400663734
 353                    -0.718425098127                     0.494820814512
 354                     0.208928005452                     0.500223265157
 355                     0.442761103143                     0.506045866580
 356                    -0.576803468332                     0.509605303644
 357                     0.764997735929                     0.510980039005
 358                     0.676594200834                     0.511868468003
 359                    -0.342970370641                     0.515427905066
 360                    -0.804075752521                     0.516728341185
 361                    -0.109137272950                     0.521250506489
 362                     0.124695824741                     0.527073107912
 363                     0.358528922432                     0.532895709335
 364                     0.592362020123                     0.538718310758
 365                    -0.427202551352                     0.542277747822
 366                    -0.193369453661                     0.548100349245
 367                     0.040463644030                     0.553922950668
 368                    -0.653056361858                     0.554343101447
 369                     0.274296741721                     0.559745552091
 370                     0.508129839412                     0.565568153514
 371                    -0.516023300329                     0.574594762736
 372                    -0.277601634372                     0.574950192000
 373                    -0.742277950691                     0.579950220406
 374                    -0.043768536681                     0.580772793423
 375                     0.190064561010                     0.586595394846
 376                     0.423897658701                     0.592417996270
 377                     0.746134291487                     0.597352168695
 378                     0.657730756392                     0.598240597693
 379                    -0.361833815083                     0.601800034756
 380                    -0.128000717392                     0.607622636179
 381                     0.105832380299                     0.613445237602
 382                     0.339665477990                     0.619267839025
 383                     0.573498575681                     0.625090440448
 384                    -0.446065995794                     0.628649877512
 385                    -0.610603406465                     0.631891285834
 386                    -0.212232898103                     0.634472478934
 387                     0.021600199588                     0.640295080357
 388                     0.255433297280                     0.646117681780
 389                    -0.695881864578                     0.655205635605
 390                     0.492176210195                     0.660008561169
 391                    -0.296465078814                     0.661322321690
 392                    -0.527697925930                     0.662593983119
 393                    -0.062631981122                     0.667144923113
 394                     0.171201116569                     0.672967524536
 395                     0.405034214259                     0.678790125959
 396                     0.665202176576                     0.686332323772
 397                    -0.382047269402                     0.689653851060
 398                    -0.146864161833                     0.693994765868
 399                     0.086968935858                     0.699817367292
 400                     0.320802033548                     0.705639968715
 401                     0.580969995866                     0.713182166528
 402                    -0.630931069972                     0.717940353206
 403                    -0.231096342544                     0.720844608624
 404                     0.002736755147                     0.726667210047
 405                     0.236945955831                     0.733647957825
 406                    -0.477076812475                     0.735074857808
 407                    -0.315354521738                     0.747688769280
 408                     0.459932869523                     0.748087398441
 409                    -0.081495425564                     0.753517052802
 410                     0.152337672127                     0.759339654226
 411                    -0.561764026082                     0.773093226693
 412                     0.375700688813                     0.774937241197
 413                    -0.398951349090                     0.776455847336
 414                    -0.165727606275                     0.780366895558
 415                     0.068105491416                     0.786189496981
 416                     0.537642067029                     0.790244900103
 417                    -0.249985785468                     0.807211056214
 418                    -0.014904330168                     0.817046835757
 419                     0.216871568637                     0.819766060081
 420                    -0.485961916411                     0.823035242365
 421                     0.304905498209                     0.827890194946
 422                     0.461392123490                     0.836817175415
 423                    -0.100358870006                     0.839889182492
 424                    -0.319464856642                     0.861879447375
 425                    -0.407836453027                     0.864416231892
 426                     0.141543351367                     0.866043851799
 427                    -0.184617049199                     0.866733343148
 428                     0.053439637996                     0.873372563380
 429                     0.381696182969                     0.876044348532
 430                     0.281945732728                     0.913264801782
 431                    -0.059209791251                     0.918137042788
 432                    -0.254096120372                     0.921401734309
 433                     0.196356005965                     0.935409168919
 434                    -0.143447255028                     0.944970306095
 435                     0.109086327114                     0.949550508195
 436                     0.020883344481                     0.955567831344
