   1                     0.021155639920                    -0.955351476847
   2                    -0.067646642863                    -0.953188300979
   3                     0.109775115720                    -0.949259411005
   4                    -0.155864387493                    -0.942788575517
   5                     0.201551983770                    -0.934056026087
   6                    -0.267248538328                    -0.917454208217
   7                     0.287477507543                    -0.911285106149
   8                    -0.351285744347                    -0.888674479903
   9                     0.371500277598                    -0.880415554814
  10                    -0.021894355865                    -0.877048607049
  11                     0.141997181230                    -0.866481012546
  12                    -0.196467755753                    -0.863782934938
  13                    -0.108038043182                    -0.855373969968
  14                    -0.432287472012                    -0.852215669273
  15                     0.057871723805                    -0.837960280257
  16                     0.467474547142                    -0.833433592548
  17                     0.304351517883                    -0.822264296649
  18                    -0.274309870303                    -0.820991230605
  19                     0.215686331500                    -0.816878251637
  20                    -0.509553781189                    -0.808392818801
  21                    -0.360573284286                    -0.799798114618
  22                     0.388286364573                    -0.793187393986
  23                     0.542844786139                    -0.786424531392
  24                    -0.198330110004                    -0.774973834088
  25                    -0.019291877309                    -0.770613305477
  26                    -0.109766249297                    -0.766562157348
  27                     0.156625234531                    -0.749712671404
  28                     0.067080385827                    -0.749610264405
  29                    -0.426223768315                    -0.739237472674
  30                     0.243927020952                    -0.732658371463
  31                     0.613524275157                    -0.732619935032
  32                    -0.615544359091                    -0.730923489433
  33                     0.332350338514                    -0.724182424991
  34                     0.441814523585                    -0.722298319016
  35                    -0.527234052981                    -0.721341496315
  36                    -0.341043975127                    -0.713142873339
  37                    -0.252620657565                    -0.704666926868
  38                     0.527513961508                    -0.698928871080
  39                    -0.161318293043                    -0.694223291288
  40                    -0.072894975481                    -0.685747344816
  41                     0.015528342081                    -0.677271398345
  42                     0.678902269062                    -0.672484731779
  43                     0.103951659643                    -0.668795451874
  44                     0.192374977205                    -0.660319505403
  45                    -0.667096402837                    -0.658584623373
  46                     0.280798294768                    -0.651843558931
  47                    -0.578786096727                    -0.649002630255
  48                    -0.478140289476                    -0.647312264641
  49                     0.369221612330                    -0.643367612460
  50                    -0.389716971914                    -0.638836318170
  51                     0.457644929892                    -0.634891665989
  52                     0.588411956266                    -0.634260803290
  53                    -0.301293654352                    -0.630360371699
  54                    -0.212870336790                    -0.621884425228
  55                    -0.124447019227                    -0.613408478756
  56                    -0.738767333261                    -0.606107938175
  57                    -0.036023701665                    -0.604932532285
  58                     0.052399615897                    -0.596456585814
  59                     0.751112631398                    -0.590740061590
  60                     0.140822933459                    -0.587980639343
  61                     0.662457461264                    -0.585191587410
  62                     0.229246251021                    -0.579504692871
  63                    -0.630338140474                    -0.576663764195
  64                    -0.529692333223                    -0.574973398581
  65                     0.317669568583                    -0.571028746400
  66                    -0.441269015660                    -0.566497452110
  67                     0.406092886146                    -0.562552799929
  68                    -0.352845698098                    -0.558021505639
  69                     0.494516203708                    -0.554076853458
  70                    -0.264422380536                    -0.549545559167
  71                     0.582939521270                    -0.545600906986
  72                    -0.175999062974                    -0.541069612696
  73                    -0.791856712321                    -0.534889663917
  74                    -0.087575745411                    -0.532593666225
  75                    -0.702584716178                    -0.524982461423
  76                     0.000847572151                    -0.524117719754
  77                     0.802721660462                    -0.518441839784
  78                     0.089270889713                    -0.515641773282
  79                     0.177694207275                    -0.507165826811
  80                     0.699328735079                    -0.504376774879
  81                    -0.581244376969                    -0.502634532521
  82                     0.266117524837                    -0.498689880340
  83                    -0.492821059407                    -0.494158586050
  84                     0.354540842399                    -0.490213933869
  85                    -0.404397741844                    -0.485682639578
  86                     0.442964159961                    -0.481737987398
  87                    -0.315974424282                    -0.477206693107
  88                     0.531387477524                    -0.473262040926
  89                    -0.227551106720                    -0.468730746636
  90                     0.619810795086                    -0.464786094455
  91                    -0.139127789158                    -0.460254800165
  92                    -0.838103616420                    -0.459049380304
  93                    -0.050704471596                    -0.451778853694
  94                     0.037718845967                    -0.443302907222
  95                     0.760715857119                    -0.440172834151
  96                    -0.722157682030                    -0.438337070518
  97                     0.850169438922                    -0.436229053542
  98                     0.126142163529                    -0.434826960751
  99                    -0.633509618313                    -0.430798704716
 100                     0.214565481091                    -0.426351014280
 101                    -0.544373103153                    -0.421819719990
 102                     0.302988798653                    -0.417875067809
 103                    -0.455949785591                    -0.413343773518
 104                     0.391412116215                    -0.409399121337
 105                    -0.367526468028                    -0.404867827047
 106                     0.479835433777                    -0.400923174866
 107                    -0.279103150466                    -0.396391880576
 108                     0.683596439458                    -0.393985371490
 109                     0.568258751339                    -0.392447228395
 110                    -0.190679832904                    -0.387915934105
 111                    -0.791825139492                    -0.383228358611
 112                    -0.102256515342                    -0.379439987634
 113                    -0.880237605342                    -0.371840853288
 114                    -0.013833197780                    -0.370964041162
 115                     0.074590119782                    -0.362488094691
 116                    -0.684348464461                    -0.357956800401
 117                     0.886003369075                    -0.354880175981
 118                     0.163013437344                    -0.354012148220
 119                     0.769649729145                    -0.351794608960
 120                    -0.595925146899                    -0.349480853930
 121                     0.251436754907                    -0.345536201749
 122                    -0.507501829337                    -0.341004907458
 123                     0.339860072469                    -0.337060255277
 124                    -0.419078511775                    -0.332528960987
 125                     0.428283390031                    -0.328584308806
 126                    -0.330655194212                    -0.324053014516
 127                     0.516706707593                    -0.320108362335
 128                    -0.242231876650                    -0.315577068045
 129                     0.605130025155                    -0.311632415864
 130                    -0.153808559088                    -0.307101121573
 131                     0.693755989401                    -0.305635481748
 132                    -0.823516510343                    -0.300245337632
 133                    -0.065385241526                    -0.298625175102
 134                     0.023038076036                    -0.290149228631
 135                    -0.911389545675                    -0.287250938115
 136                    -0.735900508207                    -0.285617934341
 137                     0.828554111371                    -0.285305523301
 138                     0.111461393598                    -0.281673282160
 139                    -0.647477190645                    -0.277141987869
 140                     0.199884711160                    -0.273197335688
 141                     0.916269096135                    -0.271283889831
 142                    -0.559053873083                    -0.268666041398
 143                     0.288308028723                    -0.264721389217
 144                    -0.470630555521                    -0.260190094927
 145                     0.376731346285                    -0.256245442746
 146                    -0.382207237959                    -0.251714148456
 147                     0.465154663847                    -0.247769496275
 148                    -0.293783920397                    -0.243238201985
 149                     0.553577981409                    -0.239293549803
 150                     0.752660371627                    -0.239146396089
 151                    -0.205360602834                    -0.234762255513
 152                     0.644318404904                    -0.231835154225
 153                    -0.116937285272                    -0.226286309042
 154                    -0.028513967710                    -0.217810362571
 155                    -0.787452551954                    -0.213279068280
 156                     0.059909349852                    -0.209334416100
 157                    -0.875965048394                    -0.205791563273
 158                    -0.699029234391                    -0.204803121809
 159                     0.148332667414                    -0.200858469628
 160                     0.843580614296                    -0.197757085467
 161                    -0.610605916829                    -0.196327175338
 162                     0.236755984976                    -0.192382523157
 163                    -0.522182599267                    -0.187851228867
 164                     0.937500885132                    -0.185029986190
 165                     0.325179302538                    -0.183906576686
 166                    -0.433759281705                    -0.179375282396
 167                     0.413602620101                    -0.175430630215
 168                    -0.345335964143                    -0.170899335924
 169                     0.502025937663                    -0.166954683743
 170                    -0.256912646581                    -0.162423389453
 171                     0.590449255225                    -0.158478737272
 172                    -0.168489329019                    -0.153947442982
 173                     0.767686874552                    -0.151597958255
 174                     0.678872572787                    -0.150002790801
 175                    -0.943956449282                    -0.148627814598
 176                    -0.080066011456                    -0.145471496511
 177                     0.008357306106                    -0.136995550039
 178                    -0.753446240838                    -0.131094875257
 179                     0.096780623668                    -0.128519603568
 180                    -0.662157960576                    -0.123988309278
 181                     0.185203941230                    -0.120043657097
 182                    -0.860455490310                    -0.118327408527
 183                     0.880451888112                    -0.116942272936
 184                    -0.573734643013                    -0.115512362807
 185                     0.273627258792                    -0.111567710626
 186                    -0.485311325451                    -0.107036416336
 187                     0.362050576354                    -0.103091764154
 188                    -0.396888007889                    -0.098560469864
 189                     0.450473893916                    -0.094615817683
 190                    -0.308464690327                    -0.090084523393
 191                     0.538897211478                    -0.086139871212
 192                    -0.220041372765                    -0.081608576922
 193                     0.627320529041                    -0.077663924741
 194                    -0.131618055203                    -0.073132630451
 195                     0.804558148368                    -0.070783145724
 196                     0.715743846603                    -0.069187978270
 197                     0.953296311087                    -0.066107100085
 198                    -0.043194737640                    -0.064656683979
 199                    -0.953679163926                    -0.060332890751
 200                     0.045228579922                    -0.056180737508
 201                    -0.713710004322                    -0.051649443218
 202                    -0.802536096553                    -0.050978551194
 203                     0.133651897484                    -0.047704791037
 204                    -0.625286686760                    -0.043173496747
 205                     0.222075215046                    -0.039228844566
 206                    -0.536863369197                    -0.034697550275
 207                     0.310498532608                    -0.030752898094
 208                    -0.448440051635                    -0.026221603804
 209                     0.398921850170                    -0.022276951623
 210                     0.877364553954                    -0.019893539094
 211                    -0.360016734073                    -0.017745657333
 212                     0.487345167732                    -0.013801005152
 213                    -0.880976952921                    -0.009294539756
 214                    -0.271593416511                    -0.009269710862
 215                     0.575768485294                    -0.005325058681
 216                    -0.183170098949                    -0.000793764390
 217                     0.664191802857                     0.003150887791
 218                    -0.094746781387                     0.007682182081
 219                    -0.006323463825                     0.016158128552
 220                     0.759185431009                     0.016684920059
 221                     0.955316063281                     0.022698560536
 222                     0.082099853737                     0.024634075023
 223                    -0.676838730506                     0.029165369314
 224                     0.170523171300                     0.033110021494
 225                    -0.794678408328                     0.037501850551
 226                    -0.588415412944                     0.037641315785
 227                    -0.954739797374                     0.040198566182
 228                     0.258946488862                     0.041585967966
 229                    -0.499992095382                     0.046117262256
 230                     0.347369806424                     0.050061914437
 231                    -0.411568777820                     0.054593208727
 232                     0.435793123986                     0.058537860908
 233                    -0.323145460257                     0.063069155198
 234                     0.524216441548                     0.067013807379
 235                     0.871129370450                     0.068715982087
 236                    -0.234722142695                     0.071545101670
 237                     0.612639759110                     0.075489753851
 238                    -0.873119264695                     0.079185861989
 239                    -0.146298825133                     0.080021048141
 240                     0.701063076672                     0.083965700322
 241                    -0.057875507571                     0.088496994612
 242                     0.030547809991                     0.096972941083
 243                    -0.731076772048                     0.099512790069
 244                     0.788287073798                     0.100773409350
 245                     0.118971127553                     0.105448887555
 246                    -0.639967456690                     0.109980181845
 247                     0.949080879777                     0.111308081717
 248                     0.207394445115                     0.113924834026
 249                    -0.551544139128                     0.118456128316
 250                     0.295817762677                     0.122400780497
 251                    -0.463120821566                     0.126932074787
 252                    -0.946882109149                     0.128678967927
 253                     0.384241080240                     0.130876726968
 254                    -0.374697504004                     0.135408021259
 255                     0.472664397802                     0.139352673440
 256                    -0.286274186442                     0.143883967730
 257                     0.561087715364                     0.147828619911
 258                    -0.197850868879                     0.152359914201
 259                     0.652337618676                     0.158404629695
 260                     0.855226227648                     0.159165827001
 261                    -0.109427551317                     0.160835860672
 262                    -0.021004233755                     0.169311807143
 263                    -0.868712607915                     0.170869652137
 264                    -0.779929134581                     0.173701545499
 265                     0.739169128310                     0.177134834903
 266                     0.067419083807                     0.177787753615
 267                    -0.691519500437                     0.182319047905
 268                     0.155842401369                     0.186263700086
 269                    -0.603096182874                     0.190794994376
 270                     0.244265718931                     0.194739646557
 271                     0.934644639118                     0.198955783985
 272                    -0.514672865312                     0.199270940848
 273                     0.332689036493                     0.203215593029
 274                    -0.426249547750                     0.207746887319
 275                     0.421112354056                     0.211691539500
 276                    -0.337826230188                     0.216222833790
 277                     0.509535671617                     0.220167485971
 278                    -0.249402912626                     0.224698780261
 279                     0.597958989180                     0.228643432442
 280                    -0.160979595064                     0.233174726732
 281                    -0.925079912212                     0.239522778531
 282                    -0.072556277502                     0.241650673204
 283                     0.860476319819                     0.247839167355
 284                     0.684489590878                     0.248717787399
 285                     0.015867040061                     0.250126619675
 286                    -0.831850529789                     0.251688659515
 287                    -0.743071544183                     0.254657913965
 288                     0.104290357623                     0.258602566146
 289                     0.772543588642                     0.260423266248
 290                    -0.654648226621                     0.263133860436
 291                     0.192713675185                     0.267078512617
 292                    -0.566224909059                     0.271609806908
 293                     0.281136992747                     0.275554459089
 294                    -0.477801591496                     0.280085753379
 295                     0.369560310309                     0.284030405560
 296                    -0.389378273934                     0.288561699850
 297                     0.457983627871                     0.292506352031
 298                    -0.300954956372                     0.297037646321
 299                     0.546406945433                     0.300982298502
 300                    -0.212531638810                     0.305513592792
 301                    -0.124108321248                     0.313989539264
 302                     0.632937547132                     0.321056653459
 303                    -0.035685003686                     0.322465485735
 304                    -0.898841743261                     0.324387867100
 305                     0.897279277180                     0.328685113986
 306                     0.052738313877                     0.330941432206
 307                     0.720991544896                     0.332762132308
 308                    -0.707375449590                     0.336019244121
 309                    -0.810962208990                     0.338026384823
 310                     0.141161631439                     0.339417378677
 311                     0.809385531680                     0.341538683888
 312                    -0.617776952805                     0.343948672968
 313                     0.229584949001                     0.347893325149
 314                    -0.529353635243                     0.352424619439
 315                     0.318008266563                     0.356369271620
 316                    -0.440930317680                     0.360900565910
 317                     0.406431584125                     0.364845218092
 318                    -0.352507000118                     0.369376512381
 319                     0.499611804239                     0.376959016151
 320                    -0.264083682556                     0.377852458853
 321                    -0.175660364994                     0.386328405324
 322                    -0.087237047432                     0.394804351795
 323                     0.596698955309                     0.402157141867
 324                     0.001186270130                     0.403280298266
 325                    -0.757878305243                     0.409248740305
 326                    -0.863230986802                     0.409849080563
 327                     0.089609587693                     0.411756244738
 328                     0.861501318990                     0.413472469208
 329                     0.684752953073                     0.413862620716
 330                    -0.669328996551                     0.416287539028
 331                     0.178032905255                     0.420232191209
 332                     0.773146939858                     0.422639172296
 333                    -0.580905678989                     0.424763485499
 334                     0.266456222817                     0.428708137681
 335                    -0.492482361427                     0.433239431970
 336                     0.354879540379                     0.437184084152
 337                    -0.404059043865                     0.441715378442
 338                     0.443302857941                     0.445660030623
 339                    -0.315635726302                     0.450191324913
 340                    -0.227212408740                     0.458667271384
 341                     0.530689806109                     0.461598852636
 342                    -0.138789091178                     0.467143217855
 343                    -0.050365773616                     0.475619164326
 344                     0.038057543947                     0.484095110797
 345                     0.630789519220                     0.484420912674
 346                    -0.821444101551                     0.488235182509
 347                    -0.721007031427                     0.490063552836
 348                     0.126480861509                     0.492571057269
 349                     0.724443499291                     0.496925776972
 350                    -0.632457722735                     0.497102351559
 351                     0.214904179071                     0.501047003741
 352                     0.813129306385                     0.501960891416
 353                    -0.544034405173                     0.505578298030
 354                     0.303327496633                     0.509522950212
 355                    -0.455611087611                     0.514054244502
 356                     0.391750814195                     0.517998896683
 357                    -0.367187770049                     0.522530190973
 358                    -0.278764452487                     0.531006137444
 359                     0.479137762363                     0.533937718696
 360                    -0.190341134924                     0.539482083915
 361                     0.567096592257                     0.546338081635
 362                    -0.101917817362                     0.547958030387
 363                    -0.013494499800                     0.556433976858
 364                    -0.772559075173                     0.562402418896
 365                     0.074928817763                     0.564909923330
 366                     0.667660793036                     0.565235725205
 367                    -0.684135757611                     0.570878365368
 368                     0.163352135325                     0.573385869801
 369                     0.761073739882                     0.577850125790
 370                    -0.595586448919                     0.577917164090
 371                     0.251775452887                     0.581861816272
 372                    -0.507163131357                     0.586393110562
 373                     0.340198770449                     0.590337762743
 374                    -0.418739813795                     0.594869057033
 375                    -0.330316496233                     0.603345003504
 376                     0.427585718617                     0.606276584756
 377                    -0.241893178671                     0.611820949975
 378                     0.515544548511                     0.618676947695
 379                    -0.153469861109                     0.620296896447
 380                     0.603967866073                     0.627152894166
 381                    -0.065046543546                     0.628772842917
 382                     0.023376774016                     0.637248789389
 383                     0.111800091578                     0.645724735861
 384                     0.703802104879                     0.646379611824
 385                     0.200223409140                     0.654200682332
 386                    -0.558715175104                     0.658731976622
 387                    -0.691627162541                     0.659390531816
 388                     0.288646726703                     0.662676628804
 389                    -0.470797654092                     0.671421903988
 390                    -0.382075910476                     0.675778160048
 391                     0.376033674871                     0.678615450816
 392                    -0.293445222417                     0.684159816036
 393                     0.463992504765                     0.691015813755
 394                    -0.205021904855                     0.692635762507
 395                     0.552415822327                     0.699491760226
 396                    -0.116598587292                     0.701111708978
 397                     0.640740568443                     0.708939721955
 398                    -0.028316876231                     0.710953672678
 399                     0.060225939285                     0.718073685160
 400                    -0.627410075887                     0.720763901766
 401                     0.148649256847                     0.726549631631
 402                     0.237072574410                     0.735025578102
 403                    -0.542247817102                     0.746020869831
 404                     0.324463691099                     0.750941528624
 405                    -0.433719558312                     0.752142035123
 406                    -0.344997814695                     0.756498291183
 407                     0.412422520993                     0.763341891563
 408                    -0.256657607732                     0.765898103008
 409                    -0.168150631038                     0.773450575037
 410                     0.541136025562                     0.787601299677
 411                     0.006822044578                     0.792536642725
 412                    -0.081972729006                     0.794988772739
 413                     0.097097213101                     0.798888497691
 414                     0.185520530663                     0.807364444162
 415                    -0.491940212433                     0.819230634684
 416                     0.272911647353                     0.823280394684
 417                     0.465663898374                     0.834446606539
 418                    -0.326745402627                     0.843431450628
 419                     0.377464720185                     0.845002634395
 420                    -0.216914146311                     0.847697759062
 421                    -0.413743638255                     0.861371120491
 422                    -0.130736244288                     0.869235956764
 423                     0.046594511806                     0.871963814448
 424                    -0.042150958880                     0.875806494519
 425                     0.146836246319                     0.887327253655
 426                     0.310747271872                     0.903648238220
 427                    -0.274538558900                     0.915299177914
 428                     0.225494798121                     0.928598999264
 429                    -0.188360656878                     0.936837375617
 430                    -0.095451033997                     0.950774927173
 431                     0.085666199539                     0.951738045719
 432                    -0.003079271146                     0.955580725791
