   1                    -0.029057555447                    -0.953974876626
   2                     0.062094133134                    -0.952395256914
   3                    -0.119944124145                    -0.946850470690
   4                     0.152679277522                    -0.942126023936
   5                    -0.216230584957                    -0.929600312442
   6                     0.241871382763                    -0.923260873731
   7                    -0.314434046074                    -0.900786747702
   8                     0.328856663935                    -0.895971931116
   9                     0.005346141051                    -0.869550287809
  10                     0.096497829632                    -0.867970668097
  11                    -0.400126518189                    -0.866493610019
  12                    -0.154520144568                    -0.862496310500
  13                     0.186097458176                    -0.851147110373
  14                    -0.243489135139                    -0.842605502415
  15                     0.448820459164                    -0.842301966161
  16                    -0.072660804185                    -0.822369338004
  17                     0.272479652050                    -0.822005351486
  18                    -0.495538984546                    -0.815692050689
  19                     0.363032465705                    -0.811454831645
  20                    -0.328608287715                    -0.809958061560
  21                     0.060074780736                    -0.784397424540
  22                     0.545233590628                    -0.783347137873
  23                    -0.413328624135                    -0.776289231366
  24                    -0.178237427907                    -0.774470087131
  25                     0.459704717976                    -0.751788660842
  26                     0.217751192535                    -0.749094987006
  27                    -0.022671055216                    -0.746131876559
  28                    -0.264542058458                    -0.745099416812
  29                    -0.542775762437                    -0.737718899258
  30                     0.618076468305                    -0.727137727485
  31                     0.129684590695                    -0.725528078636
  32                     0.373910326810                    -0.720940757229
  33                    -0.631273295541                    -0.715825700222
  34                    -0.108587743008                    -0.715645013051
  35                    -0.349262394893                    -0.711430586604
  36                     0.529799597115                    -0.693497722884
  37                     0.287863363424                    -0.690823502300
  38                     0.046938754744                    -0.687262530655
  39                    -0.194355471055                    -0.684740859927
  40                    -0.436817319185                    -0.684063741821
  41                     0.684704621498                    -0.664899983502
  42                     0.443520136769                    -0.662071411326
  43                     0.202335818739                    -0.659242375578
  44                    -0.038848499292                    -0.656413339830
  45                    -0.279652584934                    -0.652561240700
  46                    -0.696690659817                    -0.652330078477
  47                    -0.521363552172                    -0.649103760702
  48                     0.598917200764                    -0.634051256247
  49                     0.357732882733                    -0.631222220500
  50                     0.116548564703                    -0.628393184752
  51                    -0.124745661097                    -0.625871514023
  52                    -0.609486564363                    -0.625748670207
  53                    -0.365439838971                    -0.621712049875
  54                     0.513129946728                    -0.603202065422
  55                     0.271945628697                    -0.600373029674
  56                     0.030761310667                    -0.597543993927
  57                    -0.210042774976                    -0.593691894797
  58                    -0.451227093007                    -0.590862859049
  59                    -0.755751448547                    -0.582882625218
  60                     0.759655351567                    -0.577785560220
  61                     0.668527177423                    -0.575181446774
  62                     0.427342692692                    -0.572352874596
  63                     0.186158374662                    -0.569523838849
  64                    -0.055025943369                    -0.566694803101
  65                    -0.295830029012                    -0.562842703971
  66                    -0.545198956591                    -0.561109448240
  67                     0.582739756688                    -0.544332719518
  68                     0.341555438656                    -0.541503683771
  69                     0.100371120626                    -0.538674648023
  70                    -0.634205534480                    -0.537998467666
  71                    -0.140436724653                    -0.534818103615
  72                    -0.381617283048                    -0.531993513146
  73                     0.496952502652                    -0.513483528693
  74                     0.255768184621                    -0.510654492945
  75                    -0.807916793642                    -0.508116976015
  76                     0.014583866590                    -0.507825457197
  77                    -0.226223978689                    -0.503968912790
  78                    -0.467404537084                    -0.501144322320
  79                    -0.717107122347                    -0.500071534509
  80                     0.743477907490                    -0.488067023491
  81                     0.652349733346                    -0.485462910045
  82                     0.411165248616                    -0.482634337867
  83                     0.169980930585                    -0.479805302119
  84                    -0.070826914694                    -0.475948757712
  85                    -0.312011232725                    -0.473119721964
  86                    -0.553191791120                    -0.470295131495
  87                     0.832230351913                    -0.467231257641
  88                     0.566562312611                    -0.454614182789
  89                     0.325377994580                    -0.451785147042
  90                     0.084193676549                    -0.448956111294
  91                    -0.641360808872                    -0.447114323956
  92                    -0.156614168730                    -0.445099566886
  93                    -0.397798486761                    -0.442270531139
  94                     0.480775058575                    -0.423764991964
  95                     0.239590740544                    -0.420935956216
  96                    -0.815072068034                    -0.417232832304
  97                    -0.001217104735                    -0.417079411808
  98                    -0.242401422766                    -0.414250376061
  99                    -0.483585740797                    -0.411421340313
 100                    -0.724262396739                    -0.409187390798
 101                     0.775351283741                    -0.395985927033
 102                     0.636366291450                    -0.395709608631
 103                     0.394987804539                    -0.392915801138
 104                     0.153803486508                    -0.390086765391
 105                    -0.087004358771                    -0.386230220983
 106                     0.873012458164                    -0.385696324396
 107                    -0.328188676802                    -0.383401185235
 108                    -0.569374788415                    -0.380577137586
 109                     0.550384868534                    -0.364895646060
 110                     0.309200550503                    -0.362066610313
 111                    -0.884615354620                    -0.358284916138
 112                     0.068392705224                    -0.358210065905
 113                    -0.172791612807                    -0.355381030157
 114                    -0.413975930838                    -0.352551994410
 115                    -0.655160248869                    -0.349722958662
 116                     0.705976101409                    -0.336840262728
 117                     0.464597614498                    -0.334046455235
 118                     0.223413296467                    -0.331217419487
 119                    -0.017394548812                    -0.327360875079
 120                    -0.258578866843                    -0.324531839332
 121                    -0.499763184874                    -0.321702803584
 122                    -0.741631178423                    -0.319688311347
 123                     0.791885340387                    -0.306332424589
 124                     0.619994678493                    -0.306026300157
 125                     0.378810360462                    -0.303197264410
 126                     0.905829236383                    -0.300642314514
 127                     0.138002515183                    -0.299340720002
 128                    -0.103181802848                    -0.296511684254
 129                    -0.344366120879                    -0.293682648506
 130                    -0.585550438910                    -0.290853612759
 131                    -0.827197298532                    -0.287473247858
 132                     0.534207424457                    -0.275177109332
 133                     0.293023106426                    -0.272348073584
 134                     0.052215261147                    -0.268491529176
 135                    -0.916154773694                    -0.267531002688
 136                    -0.188969056884                    -0.265662493429
 137                    -0.430153374915                    -0.262833457681
 138                    -0.671337692946                    -0.260004421933
 139                     0.689604488453                    -0.247156954254
 140                     0.448420170421                    -0.244327918506
 141                     0.207612325142                    -0.240471374098
 142                    -0.033571992889                    -0.237642338351
 143                    -0.274756310920                    -0.234813302603
 144                    -0.515940628951                    -0.231984266855
 145                     0.840722666085                    -0.229351640309
 146                    -0.757124946982                    -0.229155231107
 147                     0.603817234416                    -0.216307763428
 148                     0.362632916385                    -0.213478727681
 149                     0.930381267699                    -0.212845257115
 150                     0.121825071106                    -0.209622183273
 151                    -0.119359246925                    -0.206793147525
 152                    -0.360543564956                    -0.203964111778
 153                    -0.601727882987                    -0.201135076030
 154                    -0.854405545188                    -0.200462691926
 155                     0.759286366443                    -0.188372930834
 156                     0.518029980380                    -0.185458572603
 157                     0.277222135101                    -0.181602028195
 158                     0.036037817070                    -0.178772992447
 159                    -0.205146500961                    -0.175943956700
 160                    -0.446330818992                    -0.173114920952
 161                    -0.687515137023                    -0.170285885204
 162                    -0.939540593426                    -0.167856724818
 163                     0.673427044375                    -0.157438417525
 164                     0.432242726344                    -0.154609381777
 165                     0.191434881065                    -0.150752837370
 166                    -0.049749436966                    -0.147923801622
 167                    -0.290933754997                    -0.145094765874
 168                    -0.532118073028                    -0.142265730126
 169                    -0.783128701649                    -0.141777143048
 170                     0.828896176402                    -0.129503584931
 171                     0.587639790339                    -0.126589226700
 172                     0.346831945060                    -0.122732682292
 173                     0.919776407904                    -0.122298791263
 174                     0.105647627029                    -0.119903646544
 175                    -0.135536691002                    -0.117074610796
 176                    -0.376721009033                    -0.114245575048
 177                    -0.617905327063                    -0.111416539301
 178                    -0.868735473476                    -0.110430593845
 179                     0.743108922365                    -0.098654394105
 180                     0.501852536303                    -0.095740035874
 181                     0.261044691024                    -0.091883491466
 182                     0.019860372993                    -0.089054455718
 183                    -0.221323945038                    -0.086225419971
 184                    -0.462508263069                    -0.083396384223
 185                    -0.703692581100                    -0.080567348475
 186                    -0.951722785174                    -0.070781926498
 187                     0.657249600299                    -0.067719880796
 188                     0.416441755019                    -0.063863336389
 189                     0.175257436988                    -0.061034300641
 190                    -0.065926881043                    -0.058205264893
 191                    -0.307111199074                    -0.055376229145
 192                    -0.548295517105                    -0.052547193397
 193                    -0.789882693537                    -0.050862297598
 194                     0.812718732324                    -0.039785048202
 195                     0.953673638854                    -0.037669580801
 196                     0.571462346263                    -0.036870689971
 197                     0.330654500984                    -0.033014145563
 198                     0.089470182952                    -0.030185109815
 199                    -0.151714135079                    -0.027356074067
 200                    -0.392898453110                    -0.024527038320
 201                    -0.634082771141                    -0.021698002571
 202                    -0.875489465364                    -0.019515748395
 203                     0.726931478288                    -0.008935857377
 204                     0.486051564978                    -0.004993990485
 205                     0.244867246948                    -0.002164954737
 206                     0.003682928916                     0.000664081010
 207                    -0.237501389115                     0.003493116758
 208                    -0.478685707146                     0.006322152506
 209                    -0.720653194239                     0.009006437487
 210                     0.882328542283                     0.019084297701
 211                     0.641072156222                     0.021998655932
 212                     0.400264310943                     0.025855200340
 213                    -0.954042355253                     0.026750535438
 214                     0.159079992911                     0.028684236088
 215                    -0.082104325120                     0.031513271836
 216                    -0.323288643151                     0.034342307584
 217                    -0.564472961182                     0.037171343332
 218                    -0.806311221451                     0.040570080753
 219                     0.796541288247                     0.049933488527
 220                     0.555661374938                     0.053875355418
 221                     0.314477056907                     0.056704391166
 222                     0.073292738876                     0.059533426914
 223                    -0.167891579156                     0.062362462661
 224                    -0.409075897187                     0.065191498409
 225                    -0.650260215218                     0.068020534157
 226                     0.951152950313                     0.078869968133
 227                     0.710754034211                     0.080782679352
 228                     0.469874120902                     0.084724546244
 229                     0.228689802871                     0.087553581991
 230                    -0.012494515160                     0.090382617739
 231                    -0.253678833192                     0.093211653487
 232                    -0.494863151223                     0.096040689235
 233                    -0.736050173892                     0.098862202729
 234                    -0.909467524695                     0.106275437263
 235                     0.865365696277                     0.109719158958
 236                     0.625311800623                     0.112750575005
 237                     0.384086866866                     0.115573737069
 238                     0.142902548835                     0.118402772817
 239                    -0.098281769196                     0.121231808565
 240                    -0.339466087227                     0.124060844313
 241                    -0.580650405259                     0.126889880061
 242                    -0.821566824531                     0.130453783778
 243                     0.779578442241                     0.140568349784
 244                     0.539483930861                     0.143593892147
 245                     0.298299612830                     0.146422927895
 246                     0.057115294799                     0.149251963643
 247                    -0.184069023232                     0.152080999390
 248                    -0.425253341263                     0.154910035138
 249                    -0.666445765192                     0.157740110149
 250                     0.939236580832                     0.169363939655
 251                     0.694207081592                     0.172550474642
 252                     0.453696676825                     0.174443082972
 253                     0.212512358794                     0.177272118720
 254                    -0.028671959237                     0.180101154468
 255                    -0.269856277268                     0.182930190216
 256                    -0.511040595300                     0.185759225964
 257                    -0.934506088456                     0.193934982405
 258                    -0.757133054872                     0.194947309477
 259                     0.849188252200                     0.199437695687
 260                     0.608382098886                     0.203294545179
 261                     0.367909422789                     0.205292273798
 262                     0.126725104758                     0.208121309546
 263                    -0.114459213273                     0.210950345294
 264                    -0.355643531304                     0.213779381042
 265                    -0.596827849335                     0.216608416789
 266                    -0.846605388292                     0.218113328919
 267                     0.763816891551                     0.231419820545
 268                     0.522594844850                     0.234143736004
 269                     0.282122168753                     0.236141464624
 270                     0.040937850722                     0.238970500371
 271                    -0.200246467309                     0.241799536119
 272                    -0.441430785340                     0.244628571867
 273                    -0.682613133116                     0.247463086069
 274                     0.918798062159                     0.258307041590
 275                     0.678029637515                     0.262269011371
 276                     0.436807590814                     0.264992926830
 277                     0.196334914717                     0.266990655449
 278                    -0.044849403314                     0.269819691197
 279                    -0.286033721345                     0.272648726945
 280                    -0.527218039376                     0.275477762693
 281                    -0.911739476752                     0.282211858885
 282                    -0.782171618633                     0.282606854619
 283                     0.833426701510                     0.290289166449
 284                     0.592204654809                     0.293013081908
 285                     0.351020336778                     0.295842117655
 286                     0.110547660681                     0.297839846275
 287                    -0.130636657350                     0.300668882023
 288                    -0.371820975381                     0.303497917770
 289                    -0.613003323157                     0.306332431973
 290                     0.747639447473                     0.321138357274
 291                     0.506417400773                     0.323862272733
 292                     0.265233082742                     0.326691308481
 293                     0.024760406645                     0.328689037100
 294                    -0.216423911386                     0.331518072848
 295                    -0.457608229417                     0.334347108596
 296                    -0.706842459020                     0.335349747718
 297                     0.661852193438                     0.351987548099
 298                     0.420630146737                     0.354711463559
 299                     0.179445828706                     0.357540499306
 300                    -0.061026847391                     0.359538227926
 301                    -0.302211165422                     0.362367263674
 302                    -0.543393513198                     0.365201777876
 303                    -0.880654193366                     0.367913846531
 304                     0.880456144272                     0.368387546990
 305                    -0.789657942432                     0.373464328090
 306                     0.576027210732                     0.382731618637
 307                     0.334842892701                     0.385560654384
 308                     0.093658574670                     0.388389690132
 309                    -0.146814101427                     0.390387418751
 310                    -0.387998419458                     0.393216454499
 311                    -0.629180767233                     0.396050968702
 312                     0.731462003398                     0.410856894003
 313                     0.490239956696                     0.413580809462
 314                     0.249055638665                     0.416409845210
 315                     0.007871320634                     0.419238880958
 316                    -0.232601355463                     0.421236609577
 317                    -0.473783703238                     0.424071123779
 318                    -0.715242005870                     0.426127350366
 319                     0.819135188974                     0.435847653505
 320                     0.645674749361                     0.441706084828
 321                     0.404452702660                     0.444430000288
 322                     0.163268384629                     0.447259036035
 323                    -0.077915933402                     0.450088071783
 324                    -0.841533859086                     0.450259004102
 325                    -0.318388609499                     0.452085800403
 326                    -0.559570957274                     0.454920314605
 327                     0.559849766656                     0.472450155366
 328                     0.318665448624                     0.475279191113
 329                     0.077481130593                     0.478108226861
 330                    -0.163703187438                     0.480937262609
 331                    -0.404173893279                     0.482940469682
 332                    -0.648207404948                     0.488380456570
 333                    -0.766256392289                     0.501683011357
 334                     0.474062512619                     0.503299346191
 335                     0.232878194588                     0.506128381939
 336                     0.707669675240                     0.508547349740
 337                    -0.008306123443                     0.508957417686
 338                    -0.249490441474                     0.511786453435
 339                    -0.489961147315                     0.513789660508
 340                     0.797446940277                     0.524395637096
 341                     0.388275258584                     0.534148537016
 342                     0.147090940552                     0.536977572764
 343                    -0.094093377479                     0.539806608512
 344                    -0.335488035105                     0.542885264424
 345                    -0.575748401351                     0.544638851334
 346                     0.543866567260                     0.562203499965
 347                     0.635020896583                     0.563622575470
 348                     0.302488004547                     0.564997727842
 349                     0.061303686516                     0.567826763590
 350                    -0.179880631515                     0.570655799338
 351                    -0.421275289141                     0.573734455250
 352                    -0.658433086212                     0.583036356707
 353                    -0.749228242471                     0.591243983010
 354                     0.458079313224                     0.593052690789
 355                     0.216700750511                     0.595846918667
 356                     0.743776204793                     0.598088090456
 357                    -0.024483567520                     0.598675954415
 358                    -0.265667885551                     0.601504990163
 359                    -0.508123134108                     0.605777617788
 360                     0.372097814507                     0.623867073745
 361                     0.130913496475                     0.626696109493
 362                    -0.110270821556                     0.629525145241
 363                    -0.351702857360                     0.632648344977
 364                     0.588214776484                     0.641855002576
 365                    -0.590807818980                     0.644175123143
 366                     0.286310560471                     0.654716264571
 367                     0.045126242439                     0.657545300319
 368                    -0.196058075592                     0.660374336067
 369                    -0.437512127056                     0.663442262180
 370                     0.683319287281                     0.666323613863
 371                    -0.677568177486                     0.672170939286
 372                     0.441707942578                     0.682736043496
 373                     0.200523306434                     0.685565455396
 374                    -0.040661011597                     0.688394491145
 375                    -0.281845329628                     0.691223526892
 376                    -0.522452110853                     0.704496120284
 377                     0.355920370430                     0.713585610474
 378                     0.114736052398                     0.716414646222
 379                     0.526187491275                     0.717004562308
 380                    -0.131888457583                     0.725130692158
 381                     0.616627794051                     0.728479629342
 382                    -0.609190956661                     0.734222061666
 383                     0.270133116393                     0.744434801300
 384                    -0.355314333120                     0.745199735127
 385                     0.028449749443                     0.747859025864
 386                    -0.446033501483                     0.754208509802
 387                    -0.217675711619                     0.755979882984
 388                     0.425530498501                     0.772454580225
 389                     0.184345862357                     0.775283992125
 390                    -0.057599360544                     0.777972489920
 391                    -0.527294998374                     0.795532772079
 392                     0.339742926352                     0.803304147203
 393                     0.098558608321                     0.806133182951
 394                     0.510010047198                     0.806723099037
 395                    -0.298699048478                     0.816654861427
 396                     0.254215308975                     0.834866026037
 397                    -0.443097457770                     0.845326593501
 398                    -0.212736210534                     0.847011343802
 399                     0.409353054423                     0.862173116954
 400                    -0.122903424760                     0.862541834126
 401                     0.168175555512                     0.865003815499
 402                    -0.031783057922                     0.865406145046
 403                    -0.360423104695                     0.883746339378
 404                     0.056751894340                     0.887147528568
 405                     0.325180373205                     0.897220442444
 406                    -0.274460266751                     0.914102821753
 407                     0.237295523532                     0.924447533002
 408                    -0.185993265164                     0.936119069390
 409                     0.126363115364                     0.946015205923
 410                    -0.095829269045                     0.949594206994
 411                    -0.004790930807                     0.954405287991
