   1                     0.010462187429                    -0.955291548104
   2                    -0.078782907248                    -0.952094875929
   3                     0.156073922434                    -0.942513835432
   4                    -0.220389565082                    -0.929580463891
   5                     0.243398332292                    -0.923822846157
   6                    -0.306225346109                    -0.904940570781
   7                     0.078782161725                    -0.897782533600
   8                     0.330678446416                    -0.896260584764
   9                    -0.141225628576                    -0.888252788007
  10                    -0.054715397942                    -0.866096849017
  11                     0.420621161081                    -0.857769921422
  12                     0.175295127672                    -0.855304599073
  13                    -0.437534800284                    -0.849267153365
  14                    -0.218202249144                    -0.839966123837
  15                     0.262619537529                    -0.836613609799
  16                    -0.350897241915                    -0.827614460300
  17                     0.025236114690                    -0.826314173580
  18                     0.498876914204                    -0.814747337350
  19                     0.346965119220                    -0.807275435243
  20                    -0.127195533067                    -0.800059465941
  21                     0.109031019830                    -0.795438300966
  22                    -0.508426094724                    -0.794959419021
  23                    -0.279627180823                    -0.773804758303
  24                    -0.043400627927                    -0.769183593328
  25                     0.195722189597                    -0.768369906469
  26                     0.425220872343                    -0.764252851172
  27                    -0.425948569940                    -0.760719624301
  28                    -0.587458830394                    -0.753381392017
  29                     0.282110766862                    -0.745744271557
  30                    -0.195832275684                    -0.742928885689
  31                     0.040394277213                    -0.738307720714
  32                     0.528545705841                    -0.730517482549
  33                     0.617829182853                    -0.728682715631
  34                    -0.348263923441                    -0.716674178051
  35                    -0.112037370544                    -0.712053013076
  36                     0.124189182353                    -0.707431848101
  37                    -0.494585312557                    -0.703589044049
  38                     0.360415341769                    -0.702810611270
  39                    -0.663378544276                    -0.686103394319
  40                    -0.264469018301                    -0.685798305437
  41                    -0.028242465404                    -0.681177140462
  42                     0.209203197769                    -0.680090984547
  43                     0.445999524978                    -0.675014972544
  44                     0.683169966981                    -0.667809999521
  45                    -0.575090790304                    -0.664939675495
  46                    -0.416900666058                    -0.659543597799
  47                    -0.180674113161                    -0.654922432824
  48                     0.055552439736                    -0.650301267849
  49                     0.291665953541                    -0.645815635569
  50                     0.528889771770                    -0.641215818199
  51                    -0.333105760918                    -0.628667725185
  52                    -0.096879208021                    -0.624046560210
  53                    -0.725337689203                    -0.621704517714
  54                     0.139347344875                    -0.619425395235
  55                     0.376458124013                    -0.614961110561
  56                     0.613331339060                    -0.612155065444
  57                    -0.491682159596                    -0.610228194890
  58                    -0.249310855778                    -0.597791852572
  59                    -0.629122632589                    -0.593837877653
  60                    -0.013084302881                    -0.593170687597
  61                     0.223142250015                    -0.588549522621
  62                     0.460253029153                    -0.584085237947
  63                     0.696449239777                    -0.579500506538
  64                    -0.401742503535                    -0.571537144933
  65                    -0.165515950639                    -0.566915979958
  66                     0.070710602258                    -0.562294814983
  67                     0.307709123368                    -0.557965499324
  68                     0.544047934293                    -0.553209365334
  69                     0.780873365338                    -0.550389122849
  70                    -0.554174151292                    -0.545282437295
  71                    -0.786921676609                    -0.541706261850
  72                    -0.317947598396                    -0.540661272320
  73                    -0.697759375206                    -0.536707297400
  74                    -0.081721045499                    -0.536040107345
  75                     0.154505507398                    -0.531418942370
  76                     0.391616286536                    -0.526954657695
  77                     0.627842839432                    -0.522333492720
  78                    -0.470379246152                    -0.514406564681
  79                    -0.234152693256                    -0.509785399706
  80                     0.002073859641                    -0.505164234731
  81                     0.239184638779                    -0.500699950057
  82                     0.475411191675                    -0.496078785082
  83                     0.713439557440                    -0.491812752308
  84                    -0.622810893909                    -0.488151857042
  85                    -0.386584341013                    -0.483530692068
  86                    -0.150357788116                    -0.478909527093
  87                     0.828853841852                    -0.475071266330
  88                     0.085868764781                    -0.474288362117
  89                     0.322979543919                    -0.469824077443
  90                     0.559206096815                    -0.465202912468
  91                    -0.539015988770                    -0.457275984429
  92                    -0.800623476480                    -0.453461339518
  93                    -0.302789435873                    -0.452654819454
  94                    -0.066562882976                    -0.448033654479
  95                    -0.706572572736                    -0.445988741240
  96                     0.170547896161                    -0.443569369805
  97                     0.406774449058                    -0.438948204830
  98                     0.643001001955                    -0.434327039855
  99                    -0.455221083630                    -0.426400111816
 100                    -0.218994530733                    -0.421778946841
 101                     0.017232022164                    -0.417157781866
 102                     0.254342801301                    -0.412693497191
 103                     0.490569354198                    -0.408072332216
 104                     0.726795907095                    -0.403451167241
 105                    -0.607652731387                    -0.400145404177
 106                    -0.869260219097                    -0.396330759266
 107                    -0.371426178490                    -0.395524239202
 108                    -0.135199625593                    -0.390903074227
 109                     0.814555025991                    -0.386921113171
 110                     0.101911153544                    -0.386438789553
 111                     0.338137706441                    -0.381817624578
 112                     0.574364259338                    -0.377196459603
 113                    -0.760084379144                    -0.373890696538
 114                    -0.523857826247                    -0.369269531563
 115                    -0.287631273350                    -0.364648366589
 116                    -0.051404720454                    -0.360027201613
 117                     0.185706058684                    -0.355562916939
 118                     0.421932611581                    -0.350941751964
 119                     0.658159164478                    -0.346320586989
 120                    -0.676289474004                    -0.343014823925
 121                     0.891916461910                    -0.342310420846
 122                    -0.440062921107                    -0.338393658950
 123                    -0.203836368210                    -0.333772493975
 124                     0.033274410927                    -0.329308209301
 125                     0.269500963824                    -0.324687044326
 126                     0.505727516721                    -0.320065879351
 127                    -0.828721121761                    -0.316760116286
 128                     0.743975225885                    -0.315791230891
 129                    -0.592494568864                    -0.312138951311
 130                    -0.356268015968                    -0.307517786337
 131                    -0.120041463071                    -0.302896621361
 132                     0.117069316067                    -0.298432336687
 133                     0.353295868964                    -0.293811171712
 134                     0.589522421861                    -0.289190006737
 135                    -0.744926216621                    -0.285884243673
 136                    -0.911999007368                    -0.284515746144
 137                    -0.508699663725                    -0.281263078698
 138                     0.828704862332                    -0.279229525831
 139                    -0.272473110828                    -0.276641913723
 140                    -0.035362331690                    -0.272177629049
 141                     0.200864221207                    -0.267556464074
 142                     0.437090774104                    -0.262935299099
 143                     0.673317327000                    -0.258314134124
 144                     0.919982663504                    -0.257533100972
 145                    -0.661131311482                    -0.255008371059
 146                    -0.424904758585                    -0.250387206085
 147                    -0.188678205688                    -0.245766041110
 148                     0.048432573450                    -0.241301756435
 149                     0.284659126346                    -0.236680591460
 150                     0.520885679243                    -0.232059426485
 151                    -0.813562959239                    -0.228753663421
 152                     0.756716465985                    -0.226384692324
 153                    -0.577336406342                    -0.224132498446
 154                    -0.341109853445                    -0.219511333471
 155                    -0.103999074307                    -0.215047048797
 156                     0.132227478590                    -0.210425883822
 157                     0.368454031486                    -0.205804718847
 158                     0.604773342894                    -0.201072295073
 159                    -0.729768054099                    -0.197877790807
 160                    -0.896840844846                    -0.196509293279
 161                     0.856771063927                    -0.194452205957
 162                    -0.493541501202                    -0.193256625833
 163                    -0.257314948305                    -0.188635460857
 164                    -0.020204169168                    -0.184171176183
 165                     0.216022383729                    -0.179550011208
 166                     0.452248936626                    -0.174928846233
 167                     0.688172922975                    -0.169142327343
 168                    -0.645973148959                    -0.167001918194
 169                     0.941006647567                    -0.164735424118
 170                    -0.409746596062                    -0.162380753219
 171                    -0.172635816925                    -0.157916468545
 172                     0.063590735972                    -0.153295303570
 173                     0.299817288869                    -0.148674138595
 174                     0.536043841766                    -0.144052973620
 175                     0.784691037071                    -0.141430982995
 176                    -0.798404796716                    -0.140747210555
 177                    -0.562178243819                    -0.136126045580
 178                    -0.325951690922                    -0.131504880605
 179                    -0.088840911785                    -0.127040595931
 180                    -0.947410085289                    -0.122904554586
 181                     0.147385641112                    -0.122419430956
 182                     0.383612194009                    -0.117798265981
 183                     0.619443078067                    -0.112123786009
 184                    -0.714609891576                    -0.109871337942
 185                     0.870373233684                    -0.106191871633
 186                    -0.478383338679                    -0.105250172967
 187                    -0.241272559542                    -0.100785888293
 188                    -0.005046006645                    -0.096164723318
 189                     0.231180546252                    -0.091543558343
 190                     0.467407099149                    -0.086922393368
 191                    -0.867150294441                    -0.083747542314
 192                     0.706592561232                    -0.081760277908
 193                    -0.630814986436                    -0.078995465328
 194                    -0.394588433539                    -0.074374300353
 195                     0.952668297833                    -0.071515827255
 196                    -0.157477654402                    -0.069910015679
 197                     0.078748898495                    -0.065288850704
 198                     0.314975451392                    -0.060667685729
 199                     0.550806335449                    -0.054993205757
 200                    -0.783246634193                    -0.052740757690
 201                     0.790911481400                    -0.052345564944
 202                    -0.547020081296                    -0.048119592715
 203                    -0.309909302159                    -0.043655308041
 204                    -0.073682749262                    -0.039034143066
 205                     0.162543803635                    -0.034412978091
 206                    -0.941191157229                    -0.033819030673
 207                     0.398770356532                    -0.029791813116
 208                     0.634601240590                    -0.024117333143
 209                    -0.699451729054                    -0.021864885076
 210                    -0.463225176157                    -0.017243720101
 211                     0.872888844361                    -0.016924983371
 212                    -0.226114397019                    -0.012779435427
 213                     0.010112155878                    -0.008158270452
 214                     0.246338708775                    -0.003537105477
 215                     0.482169592832                     0.002137374495
 216                    -0.851992131918                     0.004258910552
 217                     0.718396145730                     0.006758539470
 218                    -0.615656823914                     0.009010987537
 219                    -0.378546044776                     0.013475272211
 220                     0.955183908511                     0.017751061007
 221                    -0.142319491879                     0.018096437186
 222                     0.093907061018                     0.022717602161
 223                     0.330133613914                     0.027338767136
 224                     0.565964497973                     0.033013247109
 225                    -0.768256186566                     0.035294692115
 226                     0.802191050870                     0.037634412084
 227                    -0.531861918774                     0.039886860151
 228                    -0.294751139636                     0.044351144825
 229                    -0.058524586739                     0.048972309800
 230                     0.177701966157                     0.053593474775
 231                    -0.953787862535                     0.054590406903
 232                     0.413532850215                     0.059267954747
 233                     0.649759403112                     0.063889119722
 234                    -0.684293566531                     0.066141567789
 235                    -0.447182787393                     0.070605852463
 236                    -0.210956234496                     0.075227017438
 237                     0.025270318400                     0.079848182413
 238                     0.261496871297                     0.084469347389
 239                     0.897210534886                     0.085677444596
 240                     0.497327755355                     0.090143827361
 241                    -0.872340013598                     0.091212170112
 242                     0.733554308252                     0.094764992336
 243                    -0.600498661391                     0.097017440403
 244                    -0.363387882253                     0.101481725077
 245                    -0.127161329357                     0.106102890052
 246                     0.109065223540                     0.110724055027
 247                     0.344896107598                     0.116398534999
 248                     0.581122660495                     0.121019699974
 249                    -0.752930309148                     0.123272148041
 250                     0.817349213392                     0.125640864949
 251                    -0.515819530010                     0.127736432715
 252                    -0.279592977114                     0.132357597690
 253                    -0.043366424217                     0.136978762665
 254                     0.192860128680                     0.141599927641
 255                    -0.944384832464                     0.144113007520
 256                     0.428691012738                     0.147274407613
 257                     0.664917565635                     0.151895572588
 258                    -0.669135404008                     0.154148020655
 259                    -0.432024624871                     0.158612305329
 260                    -0.195798071974                     0.163233470304
 261                     0.941280376407                     0.163348254463
 262                     0.040428480923                     0.167854635279
 263                    -0.829346232590                     0.169483751364
 264                     0.276259364981                     0.173529115251
 265                     0.512485917878                     0.178150280226
 266                     0.748712470775                     0.182771445201
 267                    -0.584456272628                     0.184867012967
 268                    -0.348229719731                     0.189488177942
 269                    -0.112003166834                     0.194109342917
 270                     0.124223386063                     0.198730507893
 271                     0.360054270121                     0.204404987865
 272                     0.596280823018                     0.209026152840
 273                     0.841541431199                     0.211603893250
 274                    -0.751192589737                     0.214462145964
 275                    -0.500661367488                     0.215742885581
 276                    -0.264434814591                     0.220364050556
 277                    -0.028208261694                     0.224985215531
 278                    -0.921175130671                     0.230411678951
 279                     0.207622622364                     0.230659695503
 280                     0.443849175261                     0.235280860478
 281                     0.680075728158                     0.239902025453
 282                    -0.653093015245                     0.241997593219
 283                    -0.416866462348                     0.246618758194
 284                     0.921915542556                     0.250525710534
 285                    -0.180639909451                     0.251239923169
 286                     0.055586643445                     0.255861088145
 287                    -0.833998147517                     0.258664833015
 288                     0.291417527504                     0.261535568117
 289                     0.527644080401                     0.266156733092
 290                     0.763870633297                     0.270777898067
 291                    -0.569298110105                     0.272873465833
 292                    -0.333071557208                     0.277494630808
 293                    -0.096845004311                     0.282115795783
 294                     0.138985879746                     0.287790275755
 295                     0.375212432643                     0.292411440730
 296                     0.611438985540                     0.297032605705
 297                    -0.721729757862                     0.299128173471
 298                     0.848021204348                     0.300670824133
 299                    -0.485503204965                     0.303749338446
 300                    -0.249276652068                     0.308370503421
 301                    -0.013050099172                     0.312991668397
 302                    -0.900957814297                     0.317752129972
 303                     0.222780784886                     0.318666148369
 304                     0.459007337783                     0.323287313344
 305                     0.695233890680                     0.327908478319
 306                    -0.637934852722                     0.330004046085
 307                    -0.401708299825                     0.334625211060
 308                    -0.165481746929                     0.339246376035
 309                    -0.800392172287                     0.341402636140
 310                     0.070349137129                     0.344920856007
 311                     0.306575690026                     0.349542020982
 312                     0.542802242923                     0.354163185957
 313                    -0.554139947582                     0.360879918699
 314                     0.784828449455                     0.363956332389
 315                    -0.317913394686                     0.365501083673
 316                    -0.081686841789                     0.370122248649
 317                     0.154144042269                     0.375796728620
 318                     0.390370595166                     0.380417893596
 319                     0.626597148063                     0.385039058571
 320                     0.873824137720                     0.386164182159
 321                    -0.706571595339                     0.387134626337
 322                    -0.470345042443                     0.391755791312
 323                    -0.234118489546                     0.396376956287
 324                    -0.867351839067                     0.400489933097
 325                     0.001712394512                     0.402051436259
 326                     0.237938947409                     0.406672601234
 327                     0.474165500306                     0.411293766209
 328                     0.710392053203                     0.415914931184
 329                    -0.622776690200                     0.418010498950
 330                    -0.386550137303                     0.422631663925
 331                    -0.150323584406                     0.427252828900
 332                    -0.783790302537                     0.431991921126
 333                     0.085507299652                     0.432927308872
 334                     0.321733852549                     0.437548473848
 335                     0.557960405446                     0.442169638823
 336                    -0.538981785060                     0.448886371564
 337                    -0.302755232163                     0.453507536539
 338                    -0.066924348105                     0.459182016511
 339                     0.169302204792                     0.463803181486
 340                     0.833948800179                     0.466069520485
 341                     0.405528757689                     0.468424346461
 342                     0.641755310585                     0.473045511436
 343                    -0.455186879920                     0.479762244178
 344                    -0.218960327023                     0.484383409152
 345                     0.016870557035                     0.490057889124
 346                     0.253097109932                     0.494679054100
 347                     0.749825548536                     0.496039241371
 348                     0.489323662828                     0.499300219075
 349                    -0.706670803547                     0.499686529722
 350                    -0.607618527677                     0.506016951816
 351                    -0.371391974780                     0.510638116791
 352                    -0.135561090722                     0.516312596763
 353                    -0.801778494208                     0.519463805737
 354                     0.100665462175                     0.520933761738
 355                     0.336892015071                     0.525554926713
 356                     0.573118567968                     0.530176091688
 357                    -0.523823622537                     0.536892824430
 358                    -0.287597069640                     0.541513989405
 359                    -0.051766185583                     0.547188469376
 360                     0.184460367314                     0.551809634351
 361                     0.420686920211                     0.556430799327
 362                     0.670181569960                     0.557702781738
 363                    -0.440028717397                     0.567768697043
 364                    -0.204197833340                     0.573443177015
 365                    -0.661739068831                     0.577051258051
 366                     0.032028719557                     0.578064341990
 367                     0.268255272454                     0.582685506965
 368                     0.755150754480                     0.585182652898
 369                    -0.749771198372                     0.592059582590
 370                     0.512252517571                     0.595659896791
 371                    -0.356233812257                     0.598644569657
 372                    -0.120402928200                     0.604319049628
 373                     0.115823624697                     0.608940214604
 374                     0.352050177594                     0.613561379579
 375                     0.601544827343                     0.614833361990
 376                    -0.508665460015                     0.624899277295
 377                    -0.272834575957                     0.630573757267
 378                    -0.036608023060                     0.635194922242
 379                    -0.596927929999                     0.638487582163
 380                     0.199618529837                     0.639816087217
 381                     0.435845082734                     0.644437252192
 382                     0.688867895703                     0.645028189652
 383                    -0.421190239054                     0.659927260972
 384                    -0.688517350373                     0.662291014147
 385                     0.047186882080                     0.666070794856
 386                     0.283413434977                     0.670691959831
 387                    -0.201315081522                     0.684051486771
 388                     0.548777172657                     0.686878349713
 389                    -0.337791002753                     0.691856448583
 390                    -0.112489843709                     0.693270096451
 391                     0.130981787220                     0.696946667469
 392                     0.367208340116                     0.701567832444
 393                    -0.493128941167                     0.712839724298
 394                     0.633503697488                     0.715097520982
 395                    -0.023606587358                     0.723545747403
 396                    -0.623666514897                     0.723692944170
 397                     0.469145953263                     0.727298326642
 398                     0.214776692359                     0.727822540083
 399                    -0.267248071933                     0.746615927656
 400                    -0.411336052693                     0.748684236181
 401                     0.060188317782                     0.754421620017
 402                     0.306606478700                     0.767342471014
 403                    -0.181366951297                     0.771097323763
 404                     0.556671949966                     0.776368218596
 405                    -0.553367681407                     0.778765438639
 406                    -0.092541713484                     0.780315933443
 407                     0.400509210646                     0.784428906894
 408                     0.143983222922                     0.785297492630
 409                    -0.339520178363                     0.801763288841
 410                    -0.009344873275                     0.812776924946
 411                    -0.471574792933                     0.814609950521
 412                     0.227778128062                     0.816173365244
 413                     0.481690353184                     0.824988287417
 414                    -0.256754086605                     0.835299533294
 415                     0.075346480305                     0.842428072883
 416                    -0.170872965969                     0.859780929401
 417                    -0.399758918603                     0.867689003181
 418                    -0.082047728155                     0.868999539081
 419                     0.299016965833                     0.870024397082
 420                     0.388273336231                     0.872889005325
 421                     0.159141385445                     0.873303945496
 422                    -0.316992826845                     0.901225247634
 423                     0.027682548691                     0.917946648479
 424                    -0.230976319232                     0.926986797889
 425                     0.230380223216                     0.927154977334
 426                    -0.142924761315                     0.944597222020
 427                     0.111477453830                     0.948822521092
 428                    -0.054099523502                     0.953815831700
